k	5.20	9.146	10.20	11.30	14.9	15.30	courses		skate	tshirts
0	1	1	1	1	1	1	1	1	1
1	1	1	1	1	1	1	1	1	1
2	1	1	1	1	1	1	1	1	1
3	1	1	1	1	1	1	1	1	1
4	0.95	1	1	1	1	1	1	1	1
5	0.938	1	1	1	1	1	1	1	1
6	0.9325	1	1	1	1	1	1	1	1
7	0.9185	1	1	1	1	1	1	1	1
8	0.913	0.9946575342	1	1	1	1	0.9948630137	1	1
9	0.9025	0.9929452055	0.9665	1	1	1	0.9928082192	1	1
10	0.8915	0.9921232877	0.951	0.9846666667	1	1	0.9919863014	1	0.9766666667
11	0.884	0.9918493151	0.946	0.97	1	1	0.9916438356	1	0.9676666667
12	0.8695	0.991369863	0.943	0.9636666667	1	1	0.9912328767	1	0.9636666667
13	0.859	0.990890411	0.941	0.9626666667	0.9055555556	1	0.9902054795	0.9277777778	0.963
14	0.85	0.9903424658	0.9395	0.962	0.8877777778	0.9783333333	0.9883561644	0.8933333333	0.962
15	0.8365	0.9895205479	0.938	0.961	0.8811111111	0.9686666667	0.9869863014	0.8788888889	0.961
16	0.827	0.9889041096	0.934	0.9603333333	0.8788888889	0.9653333333	0.9852739726	0.8777777778	0.959
17	0.815	0.9882876712	0.931	0.958	0.8777777778	0.964	0.9844520548	0.8744444444	0.9576666667
18	0.8035	0.987739726	0.9275	0.9556666667	0.8766666667	0.9633333333	0.9835616438	0.8722222222	0.9566666667
19	0.7925	0.9873972603	0.9215	0.9536666667	0.8755555556	0.963	0.9828082192	0.8666666667	0.9543333333
20	0.784	0.9870547945	0.917	0.9503333333	0.8744444444	0.9623333333	0.9817123288	0.8622222222	0.9526666667
21	0.773	0.9866438356	0.911	0.9483333333	0.8722222222	0.9616666667	0.98	0.8544444444	0.95
22	0.7625	0.986369863	0.906	0.9446666667	0.87	0.9606666667	0.9793150685	0.8422222222	0.9476666667
23	0.744	0.9856849315	0.901	0.941	0.8688888889	0.9593333333	0.9782876712	0.8255555556	0.945
24	0.7315	0.9851369863	0.893	0.9393333333	0.8655555556	0.958	0.9769863014	0.8055555556	0.942
25	0.725	0.9845205479	0.891	0.9363333333	0.8611111111	0.957	0.9761643836	0.7833333333	0.9396666667
26	0.7145	0.9837671233	0.889	0.9343333333	0.8511111111	0.9553333333	0.9750684932	0.7733333333	0.937
27	0.7025	0.9828767123	0.8855	0.9293333333	0.8444444444	0.954	0.9740410959	0.7611111111	0.934
28	0.696	0.9820547945	0.882	0.929	0.8411111111	0.953	0.9726712329	0.7566666667	0.929
29	0.685	0.981369863	0.879	0.926	0.8311111111	0.9493333333	0.9715753425	0.7522222222	0.9273333333
30	0.678	0.9802054795	0.874	0.9246666667	0.8222222222	0.948	0.9705479452	0.7488888889	0.924
31	0.671	0.9793835616	0.8705	0.923	0.8166666667	0.9456666667	0.9696575342	0.7433333333	0.9216666667
32	0.6625	0.9786986301	0.8685	0.9206666667	0.8077777778	0.942	0.9684246575	0.7344444444	0.92
33	0.655	0.9776712329	0.8645	0.9183333333	0.8011111111	0.939	0.9671232877	0.7244444444	0.916
34	0.646	0.9773972603	0.86	0.9166666667	0.8	0.9353333333	0.9657534247	0.7088888889	0.912
35	0.6335	0.9769863014	0.8565	0.914	0.7933333333	0.9336666667	0.9647945205	0.6911111111	0.9083333333
36	0.619	0.9756164384	0.852	0.9126666667	0.79	0.9326666667	0.9638356164	0.6711111111	0.9056666667
37	0.608	0.9750684932	0.849	0.9083333333	0.7866666667	0.932	0.9629452055	0.6611111111	0.903
38	0.5945	0.9738356164	0.846	0.9066666667	0.7811111111	0.931	0.9620547945	0.6522222222	0.8996666667
39	0.586	0.9733561644	0.841	0.9046666667	0.78	0.9283333333	0.960890411	0.6433333333	0.8973333333
40	0.575	0.9730136986	0.836	0.9023333333	0.7744444444	0.9273333333	0.9593835616	0.6377777778	0.896
41	0.5685	0.9725342466	0.832	0.8993333333	0.77	0.9236666667	0.9580136986	0.6333333333	0.8923333333
42	0.5585	0.9718493151	0.828	0.898	0.7566666667	0.9226666667	0.9569178082	0.6288888889	0.8903333333
43	0.5505	0.9710273973	0.823	0.894	0.75	0.9213333333	0.9560273973	0.6222222222	0.888
44	0.5415	0.9699315068	0.819	0.8923333333	0.7422222222	0.92	0.9551369863	0.6155555556	0.8856666667
45	0.531	0.9693835616	0.816	0.889	0.7344444444	0.9176666667	0.9543150685	0.6033333333	0.8833333333
46	0.5215	0.9689041096	0.8105	0.8873333333	0.73	0.9166666667	0.9533561644	0.5888888889	0.881
47	0.511	0.9680821918	0.803	0.8836666667	0.7277777778	0.9156666667	0.9523287671	0.57	0.8786666667
48	0.501	0.9669863014	0.797	0.8813333333	0.7211111111	0.913	0.9504794521	0.55	0.8766666667
49	0.496	0.9662328767	0.793	0.879	0.7144444444	0.9113333333	0.9492465753	0.5411111111	0.8746666667
50	0.4905	0.965890411	0.79	0.8776666667	0.7066666667	0.911	0.9483561644	0.53	0.8723333333
51	0.479	0.9649315068	0.7875	0.8756666667	0.7	0.9086666667	0.9473287671	0.5222222222	0.8703333333
52	0.473	0.9639726027	0.781	0.874	0.6988888889	0.907	0.9465068493	0.5166666667	0.8666666667
53	0.4685	0.9633561644	0.777	0.8713333333	0.6955555556	0.905	0.9455479452	0.5088888889	0.864
54	0.456	0.9628767123	0.774	0.8683333333	0.69	0.9026666667	0.9445890411	0.5033333333	0.8596666667
55	0.4475	0.9620547945	0.7705	0.8656666667	0.6866666667	0.9003333333	0.9437671233	0.4944444444	0.8563333333
56	0.4385	0.961369863	0.7675	0.864	0.6855555556	0.8983333333	0.9420547945	0.4833333333	0.8543333333
57	0.4315	0.9608219178	0.765	0.8633333333	0.6766666667	0.896	0.9409589041	0.47	0.85
58	0.425	0.9606164384	0.7605	0.862	0.6733333333	0.8953333333	0.94	0.4555555556	0.848
59	0.4225	0.96	0.7565	0.8593333333	0.67	0.894	0.9389041096	0.4411111111	0.8456666667
60	0.415	0.9595205479	0.752	0.856	0.6633333333	0.8926666667	0.9378082192	0.4277777778	0.8433333333
61	0.405	0.9589041096	0.749	0.8523333333	0.6533333333	0.8886666667	0.9369178082	0.42	0.842
62	0.4025	0.9584246575	0.7465	0.851	0.6488888889	0.8856666667	0.9358219178	0.4111111111	0.8416666667
63	0.3965	0.9573287671	0.743	0.85	0.6466666667	0.884	0.9345205479	0.4044444444	0.839
64	0.391	0.9560958904	0.742	0.849	0.6433333333	0.883	0.9332876712	0.3966666667	0.8376666667
65	0.384	0.9551369863	0.7385	0.8476666667	0.6377777778	0.8823333333	0.9321232877	0.3888888889	0.836
66	0.3715	0.9542465753	0.735	0.8463333333	0.6311111111	0.881	0.9311643836	0.3777777778	0.833
67	0.361	0.9532876712	0.73	0.8443333333	0.6288888889	0.88	0.93	0.3677777778	0.8296666667
68	0.3485	0.9528082192	0.726	0.844	0.6266666667	0.8793333333	0.9289726027	0.3555555556	0.8266666667
69	0.3395	0.9521917808	0.7205	0.841	0.6211111111	0.8786666667	0.9279452055	0.3422222222	0.8226666667
70	0.329	0.9517808219	0.7165	0.8393333333	0.6122222222	0.877	0.9269863014	0.33	0.8193333333
71	0.317	0.9515068493	0.713	0.8356666667	0.61	0.873	0.9259589041	0.3177777778	0.8176666667
72	0.3025	0.9504794521	0.7105	0.83	0.6022222222	0.8713333333	0.9245205479	0.3088888889	0.8173333333
73	0.2945	0.9502054795	0.709	0.8276666667	0.5933333333	0.8676666667	0.9235616438	0.3	0.8146666667
74	0.286	0.949109589	0.703	0.8243333333	0.59	0.8653333333	0.9226712329	0.2922222222	0.8126666667
75	0.275	0.9484246575	0.6985	0.8223333333	0.5877777778	0.8633333333	0.9216438356	0.2833333333	0.8106666667
76	0.2685	0.9478082192	0.696	0.8206666667	0.5855555556	0.8616666667	0.9204794521	0.2766666667	0.81
77	0.2605	0.9467123288	0.6925	0.8186666667	0.5844444444	0.8596666667	0.9195890411	0.2666666667	0.809
78	0.2485	0.9461643836	0.689	0.818	0.5822222222	0.8583333333	0.9186986301	0.2544444444	0.8043333333
79	0.2435	0.9456164384	0.688	0.815	0.5733333333	0.8563333333	0.9178082192	0.2422222222	0.8023333333
80	0.235	0.9450684932	0.685	0.814	0.5655555556	0.8543333333	0.916369863	0.23	0.801
81	0.2235	0.9441780822	0.683	0.8126666667	0.5633333333	0.852	0.9154794521	0.2188888889	0.8
82	0.217	0.9436986301	0.677	0.81	0.5622222222	0.851	0.9145205479	0.2077777778	0.7986666667
83	0.2095	0.9431506849	0.673	0.8076666667	0.5588888889	0.8503333333	0.9134246575	0.1988888889	0.7956666667
84	0.2035	0.9426712329	0.6705	0.8063333333	0.5566666667	0.8486666667	0.9123287671	0.19	0.7923333333
85	0.196	0.9419178082	0.666	0.8036666667	0.5544444444	0.8476666667	0.911369863	0.18	0.789
86	0.1865	0.941369863	0.663	0.801	0.5522222222	0.8446666667	0.9104109589	0.1711111111	0.787
87	0.1785	0.9408219178	0.6575	0.7966666667	0.5433333333	0.8423333333	0.9094520548	0.1633333333	0.7843333333
88	0.174	0.9399315068	0.6545	0.792	0.5388888889	0.841	0.9080136986	0.1522222222	0.782
89	0.1685	0.9395205479	0.6515	0.7906666667	0.5355555556	0.8396666667	0.9071232877	0.1444444444	0.7796666667
90	0.1625	0.9390410959	0.649	0.7876666667	0.5344444444	0.8386666667	0.9060958904	0.1333333333	0.778
91	0.1585	0.938630137	0.646	0.7866666667	0.5288888889	0.838	0.905	0.12	0.776
92	0.1525	0.9373972603	0.645	0.7853333333	0.5244444444	0.8373333333	0.9039041096	0.1055555556	0.774
93	0.1475	0.9367808219	0.642	0.7836666667	0.5222222222	0.8353333333	0.9028082192	0.0955555556	0.7716666667
94	0.141	0.936369863	0.637	0.779	0.5188888889	0.835	0.9019178082	0.0866666667	0.7686666667
95	0.136	0.9363013699	0.6335	0.7776666667	0.5166666667	0.832	0.9007534247	0.0777777778	0.767
96	0.131	0.9356164384	0.6305	0.776	0.5111111111	0.83	0.8996575342	0.07	0.7646666667
97	0.124	0.9348630137	0.6255	0.7746666667	0.5066666667	0.8276666667	0.8984931507	0.0611111111	0.7596666667
98	0.1185	0.9343150685	0.6205	0.7716666667	0.5044444444	0.8243333333	0.8974657534	0.0511111111	0.756
99	0.1125	0.9333561644	0.617	0.768	0.5	0.8233333333	0.8965068493	0.0422222222	0.7536666667
100	0.1085	0.9321232877	0.612	0.7643333333	0.4966666667	0.8216666667	0.8954794521	0.0333333333	0.7523333333
101	0.105	0.9311643836	0.6085	0.763	0.4933333333	0.8206666667	0.8943835616	0.0233333333	0.75
102	0.1	0.9309589041	0.6055	0.761	0.4922222222	0.8196666667	0.8931506849	0.0155555556	0.7473333333
103	0.0965	0.9306849315	0.603	0.7573333333	0.4855555556	0.819	0.8921917808	0.0088888889	0.7453333333
104	0.09	0.9298630137	0.5995	0.7546666667	0.4822222222	0.8176666667	0.8911643836	0.0022222222	0.7423333333
105	0.0875	0.9293835616	0.596	0.7516666667	0.48	0.8163333333	0.89	0.0022222222	0.7403333333
106	0.081	0.928630137	0.592	0.75	0.4777777778	0.8143333333	0.8891780822	0.0011111111	0.7386666667
107	0.0805	0.9278082192	0.588	0.7493333333	0.4744444444	0.814	0.8879452055	0	0.7356666667
108	0.077	0.9271917808	0.5845	0.7473333333	0.4722222222	0.81	0.8868493151	0	0.7313333333
109	0.071	0.9265753425	0.5815	0.745	0.4688888889	0.809	0.885890411	0	0.7286666667
110	0.0655	0.9254109589	0.577	0.744	0.4655555556	0.8083333333	0.8847945205	0	0.7256666667
111	0.0645	0.9250684932	0.5745	0.741	0.4633333333	0.8083333333	0.8839041096	0	0.722
112	0.0625	0.9247945205	0.5725	0.738	0.4611111111	0.806	0.8828082192	0	0.7196666667
113	0.0605	0.9245205479	0.5705	0.7363333333	0.4588888889	0.8033333333	0.8816438356	0	0.7176666667
114	0.0585	0.923630137	0.5675	0.733	0.4533333333	0.8013333333	0.8807534247	0	0.7163333333
115	0.056	0.9228767123	0.5645	0.7313333333	0.4522222222	0.7996666667	0.8795890411	0	0.7153333333
116	0.0545	0.9217808219	0.561	0.7306666667	0.4455555556	0.797	0.8783561644	0	0.7126666667
117	0.051	0.9210958904	0.5605	0.729	0.44	0.7926666667	0.8771917808	0	0.7113333333
118	0.049	0.9204794521	0.558	0.7266666667	0.4377777778	0.7913333333	0.876369863	0	0.7106666667
119	0.047	0.9201369863	0.556	0.7246666667	0.4322222222	0.7903333333	0.8752739726	0	0.709
120	0.0425	0.9195890411	0.5525	0.7223333333	0.4277777778	0.7886666667	0.8741780822	0	0.707
121	0.04	0.9189041096	0.548	0.7206666667	0.4255555556	0.7873333333	0.8728767123	0	0.7053333333
122	0.0375	0.9183561644	0.547	0.7186666667	0.4222222222	0.7856666667	0.8719863014	0	0.7033333333
123	0.037	0.917739726	0.544	0.7166666667	0.4166666667	0.7843333333	0.870890411	0	0.702
124	0.0345	0.9174657534	0.542	0.7116666667	0.4133333333	0.7833333333	0.8695890411	0	0.699
125	0.0325	0.9167808219	0.5405	0.711	0.41	0.7816666667	0.8684246575	0	0.6956666667
126	0.03	0.9157534247	0.5385	0.71	0.4077777778	0.7796666667	0.8674657534	0	0.6926666667
127	0.03	0.9153424658	0.5375	0.7063333333	0.4055555556	0.7776666667	0.8665068493	0	0.6893333333
128	0.028	0.9142465753	0.5325	0.7056666667	0.4033333333	0.7753333333	0.8654109589	0	0.6856666667
129	0.0255	0.9139041096	0.529	0.7016666667	0.4011111111	0.7736666667	0.8644520548	0	0.683
130	0.0245	0.9137671233	0.5245	0.7003333333	0.4	0.773	0.8634931507	0	0.6793333333
131	0.023	0.9128082192	0.5195	0.6983333333	0.3966666667	0.7706666667	0.8624657534	0	0.676
132	0.021	0.9123972603	0.5155	0.6966666667	0.3911111111	0.7696666667	0.8613013699	0	0.674
133	0.021	0.9119863014	0.5135	0.696	0.3888888889	0.7673333333	0.8601369863	0	0.672
134	0.0205	0.9113013699	0.51	0.6946666667	0.3877777778	0.7656666667	0.8590410959	0	0.6703333333
135	0.02	0.9108219178	0.5055	0.693	0.3844444444	0.765	0.8580821918	0	0.6676666667
136	0.02	0.9098630137	0.499	0.691	0.3822222222	0.763	0.8571232877	0	0.665
137	0.0195	0.9087671233	0.4965	0.688	0.38	0.7606666667	0.8559589041	0	0.6613333333
138	0.0185	0.9084246575	0.4935	0.6853333333	0.3766666667	0.759	0.8548630137	0	0.6596666667
139	0.0175	0.9078767123	0.4905	0.683	0.3755555556	0.757	0.8537671233	0	0.658
140	0.017	0.9068493151	0.4855	0.6816666667	0.3711111111	0.755	0.8526712329	0	0.6546666667
141	0.0155	0.9063013699	0.48	0.6793333333	0.3688888889	0.7533333333	0.8516438356	0	0.6516666667
142	0.0155	0.9055479452	0.4745	0.6786666667	0.3655555556	0.752	0.8506164384	0	0.6496666667
143	0.015	0.905	0.4705	0.6753333333	0.3611111111	0.7513333333	0.8497260274	0	0.648
144	0.0145	0.9045890411	0.4675	0.673	0.3577777778	0.7513333333	0.8488356164	0	0.6456666667
145	0.014	0.9037671233	0.4655	0.671	0.3555555556	0.7493333333	0.8478767123	0	0.6443333333
146	0.013	0.9034931507	0.4615	0.6666666667	0.3544444444	0.7476666667	0.8468493151	0	0.6433333333
147	0.0125	0.9028082192	0.457	0.6643333333	0.3511111111	0.7446666667	0.8458219178	0	0.641
148	0.0115	0.9013013699	0.453	0.6636666667	0.3477777778	0.7423333333	0.8446575342	0	0.6393333333
149	0.0115	0.9003424658	0.4515	0.6606666667	0.3433333333	0.741	0.8435616438	0	0.637
150	0.011	0.9	0.449	0.658	0.34	0.7396666667	0.8426027397	0	0.6343333333
151	0.01	0.8995890411	0.4455	0.6533333333	0.3377777778	0.738	0.8415068493	0	0.634
152	0.01	0.898630137	0.4425	0.65	0.3355555556	0.7353333333	0.8404109589	0	0.633
153	0.01	0.8978767123	0.439	0.6483333333	0.3333333333	0.7326666667	0.8393150685	0	0.632
154	0.009	0.8971917808	0.4365	0.646	0.3277777778	0.7306666667	0.8382876712	0	0.631
155	0.0075	0.8964383562	0.434	0.6433333333	0.3255555556	0.729	0.8370547945	0	0.63
156	0.007	0.8956164384	0.4305	0.6423333333	0.3233333333	0.7273333333	0.8360958904	0	0.6283333333
157	0.0065	0.8948630137	0.4285	0.6413333333	0.3211111111	0.726	0.835	0	0.6263333333
158	0.0055	0.8943150685	0.4245	0.6403333333	0.3188888889	0.7253333333	0.8339726027	0	0.6246666667
159	0.0055	0.8933561644	0.421	0.639	0.3177777778	0.724	0.8328082192	0	0.623
160	0.0045	0.8923972603	0.421	0.6376666667	0.3144444444	0.7226666667	0.8317808219	0	0.6223333333
161	0.0045	0.8919178082	0.4165	0.6373333333	0.3111111111	0.7216666667	0.8306849315	0	0.621
162	0.0045	0.8910273973	0.4115	0.6343333333	0.31	0.7206666667	0.8297260274	0	0.619
163	0.0045	0.8906164384	0.4085	0.6323333333	0.3088888889	0.7186666667	0.828630137	0	0.6163333333
164	0.0045	0.8904109589	0.4045	0.6316666667	0.3044444444	0.7166666667	0.8275342466	0	0.615
165	0.0045	0.8899315068	0.403	0.6273333333	0.3033333333	0.7136666667	0.8264383562	0	0.614
166	0.0045	0.8893150685	0.4015	0.6263333333	0.3022222222	0.7123333333	0.8254794521	0	0.6123333333
167	0.0045	0.8880821918	0.4	0.625	0.2966666667	0.712	0.8244520548	0	0.61
168	0.0045	0.8876712329	0.399	0.6243333333	0.29	0.711	0.8234246575	0	0.608
169	0.0045	0.8873287671	0.3955	0.6226666667	0.2866666667	0.7103333333	0.8223287671	0	0.6066666667
170	0.0045	0.8867123288	0.395	0.6183333333	0.2855555556	0.7093333333	0.8213013699	0	0.6053333333
171	0.0045	0.8858219178	0.3925	0.6166666667	0.2822222222	0.7066666667	0.8200684932	0	0.6036666667
172	0.0045	0.8848630137	0.3905	0.615	0.2788888889	0.704	0.8190410959	0	0.6023333333
173	0.003	0.8842465753	0.3885	0.6136666667	0.2766666667	0.7016666667	0.8180136986	0	0.6
174	0.003	0.8835616438	0.3855	0.6103333333	0.2755555556	0.699	0.8169178082	0	0.5983333333
175	0.0025	0.8826712329	0.385	0.6086666667	0.2744444444	0.6973333333	0.815890411	0	0.596
176	0.002	0.8821917808	0.383	0.6073333333	0.2733333333	0.695	0.8150684932	0	0.5923333333
177	0.0015	0.8809589041	0.3815	0.6053333333	0.2722222222	0.6916666667	0.8139726027	0	0.5903333333
178	0.001	0.8802739726	0.378	0.6043333333	0.27	0.6903333333	0.8129452055	0	0.5883333333
179	0.001	0.8790410959	0.3765	0.602	0.2666666667	0.6896666667	0.8117123288	0	0.5863333333
180	0.001	0.8785616438	0.3765	0.5983333333	0.2633333333	0.6883333333	0.8106849315	0	0.5846666667
181	0.001	0.8776712329	0.374	0.598	0.26	0.6866666667	0.8095890411	0	0.5836666667
182	0.001	0.8767808219	0.372	0.5943333333	0.2555555556	0.6856666667	0.8084931507	0	0.5823333333
183	0.001	0.876369863	0.3705	0.5916666667	0.2533333333	0.6843333333	0.8075342466	0	0.5813333333
184	0.001	0.8755479452	0.3685	0.591	0.2511111111	0.6823333333	0.8065753425	0	0.5796666667
185	0.001	0.8745890411	0.366	0.5876666667	0.2466666667	0.679	0.8054794521	0	0.5776666667
186	0.001	0.8735616438	0.364	0.5863333333	0.2444444444	0.6786666667	0.8043150685	0	0.575
187	0.0005	0.8731506849	0.362	0.5853333333	0.2411111111	0.6773333333	0.8032191781	0	0.5733333333
188	0.0005	0.8724657534	0.361	0.5843333333	0.2377777778	0.676	0.8021917808	0	0.5713333333
189	0.0005	0.8719178082	0.359	0.5823333333	0.2377777778	0.6746666667	0.8011643836	0	0.57
190	0.0005	0.8712328767	0.3565	0.582	0.2366666667	0.6736666667	0.8001369863	0	0.5683333333
191	0	0.8708219178	0.353	0.5806666667	0.2344444444	0.6733333333	0.7990410959	0	0.5663333333
192	0	0.8706849315	0.35	0.58	0.2322222222	0.671	0.7980821918	0	0.5653333333
193	0	0.8700684932	0.348	0.578	0.2311111111	0.6693333333	0.7968493151	0	0.5633333333
194	0	0.8692465753	0.344	0.576	0.23	0.6663333333	0.7958219178	0	0.5633333333
195	0	0.8686986301	0.342	0.572	0.2277777778	0.6646666667	0.7947945205	0	0.562
196	0	0.867739726	0.34	0.5706666667	0.2211111111	0.6636666667	0.7935616438	0	0.561
197	0	0.8668493151	0.3385	0.5703333333	0.2188888889	0.663	0.7925342466	0	0.5593333333
198	0	0.866369863	0.337	0.5686666667	0.2155555556	0.662	0.7915753425	0	0.557
199	0	0.8658219178	0.335	0.567	0.2144444444	0.66	0.7904109589	0	0.5553333333
200	0	0.8652054795	0.334	0.5663333333	0.2111111111	0.6573333333	0.7893150685	0	0.553
201	0	0.8640410959	0.332	0.5653333333	0.2088888889	0.656	0.7883561644	0	0.551
202	0	0.8631506849	0.331	0.564	0.2088888889	0.6546666667	0.7873972603	0	0.5506666667
203	0	0.8626027397	0.3295	0.5623333333	0.2088888889	0.6536666667	0.7862328767	0	0.5496666667
204	0	0.8619178082	0.328	0.5606666667	0.2077777778	0.653	0.7851369863	0	0.549
205	0	0.8615068493	0.3275	0.556	0.2055555556	0.6513333333	0.7839726027	0	0.5486666667
206	0	0.860890411	0.3255	0.5543333333	0.2044444444	0.6503333333	0.7829452055	0	0.548
207	0	0.8601369863	0.3235	0.553	0.2022222222	0.6496666667	0.7819863014	0	0.5456666667
208	0	0.8597945205	0.321	0.5516666667	0.1988888889	0.647	0.7808219178	0	0.544
209	0	0.8587671233	0.319	0.549	0.1977777778	0.6453333333	0.7797945205	0	0.5413333333
210	0	0.8584246575	0.3175	0.5466666667	0.1966666667	0.6443333333	0.7786986301	0	0.5396666667
211	0	0.8581506849	0.316	0.544	0.1922222222	0.6423333333	0.7776712329	0	0.5356666667
212	0	0.8575342466	0.313	0.54	0.1911111111	0.6406666667	0.7767808219	0	0.535
213	0	0.8569863014	0.31	0.5393333333	0.1833333333	0.6393333333	0.7754794521	0	0.532
214	0	0.8564383562	0.3075	0.5376666667	0.1788888889	0.6383333333	0.7745890411	0	0.53
215	0	0.8556849315	0.3055	0.5366666667	0.1777777778	0.6376666667	0.7734246575	0	0.5286666667
216	0	0.855	0.305	0.5346666667	0.1744444444	0.6373333333	0.7723972603	0	0.5266666667
217	0	0.8542465753	0.303	0.5326666667	0.1722222222	0.6346666667	0.771369863	0	0.524
218	0	0.8534931507	0.3015	0.5306666667	0.1677777778	0.633	0.7702739726	0	0.5236666667
219	0	0.8528767123	0.298	0.529	0.1633333333	0.6316666667	0.7692465753	0	0.5233333333
220	0	0.8526712329	0.295	0.5256666667	0.1611111111	0.63	0.7682191781	0	0.5223333333
221	0	0.8523287671	0.293	0.5236666667	0.16	0.629	0.7670547945	0	0.5216666667
222	0	0.8514383562	0.291	0.5233333333	0.1577777778	0.6256666667	0.7662328767	0	0.5206666667
223	0	0.8510958904	0.29	0.521	0.1533333333	0.6246666667	0.7650684932	0	0.5193333333
224	0	0.8504794521	0.2875	0.52	0.15	0.623	0.7641780822	0	0.5183333333
225	0	0.8497260274	0.2865	0.5186666667	0.1477777778	0.621	0.7630821918	0	0.517
226	0	0.848630137	0.2845	0.5153333333	0.1466666667	0.6196666667	0.7621232877	0	0.5153333333
227	0	0.8480821918	0.2825	0.5143333333	0.1433333333	0.6183333333	0.7610273973	0	0.5133333333
228	0	0.847260274	0.2805	0.514	0.1388888889	0.6156666667	0.7599315068	0	0.5116666667
229	0	0.8465753425	0.2785	0.5123333333	0.1366666667	0.6146666667	0.7586986301	0	0.51
230	0	0.8462328767	0.2765	0.5116666667	0.1355555556	0.6136666667	0.7578082192	0	0.5083333333
231	0	0.8457534247	0.273	0.5103333333	0.1344444444	0.6123333333	0.7567123288	0	0.5073333333
232	0	0.8452739726	0.2705	0.5043333333	0.1333333333	0.6113333333	0.7555479452	0	0.5053333333
233	0	0.8449315068	0.268	0.5033333333	0.1311111111	0.6103333333	0.7545890411	0	0.5026666667
234	0	0.8443835616	0.265	0.5026666667	0.1288888889	0.6073333333	0.7535616438	0	0.5016666667
235	0	0.8432876712	0.2645	0.5013333333	0.1277777778	0.6063333333	0.7524657534	0	0.5003333333
236	0	0.8429452055	0.2625	0.4996666667	0.1266666667	0.6056666667	0.7515068493	0	0.499
237	0	0.8424657534	0.2615	0.498	0.1244444444	0.6053333333	0.7502739726	0	0.4973333333
238	0	0.8415753425	0.2605	0.4973333333	0.1233333333	0.6046666667	0.7492465753	0	0.4953333333
239	0	0.840890411	0.259	0.497	0.1211111111	0.6036666667	0.7482191781	0	0.4943333333
240	0	0.8402739726	0.257	0.4956666667	0.12	0.6026666667	0.7471917808	0	0.4936666667
241	0	0.8395205479	0.2545	0.494	0.1188888889	0.6013333333	0.7461643836	0	0.4916666667
242	0	0.8391780822	0.252	0.4913333333	0.1177777778	0.6003333333	0.7452739726	0	0.4903333333
243	0	0.8385616438	0.25	0.4893333333	0.1166666667	0.5993333333	0.7441780822	0	0.4893333333
244	0	0.8380136986	0.2485	0.4876666667	0.1166666667	0.5976666667	0.7432191781	0	0.4876666667
245	0	0.8376027397	0.246	0.4863333333	0.1144444444	0.5953333333	0.7417808219	0	0.4873333333
246	0	0.8368493151	0.245	0.4843333333	0.1133333333	0.595	0.7408219178	0	0.4863333333
247	0	0.8364383562	0.2405	0.4836666667	0.1122222222	0.5926666667	0.7397945205	0	0.485
248	0	0.835890411	0.238	0.4823333333	0.1111111111	0.592	0.7387671233	0	0.4836666667
249	0	0.8351369863	0.2355	0.4806666667	0.1077777778	0.5916666667	0.737739726	0	0.4826666667
250	0	0.8345205479	0.234	0.4786666667	0.1077777778	0.59	0.7367123288	0	0.4816666667
251	0	0.8341780822	0.233	0.477	0.1066666667	0.587	0.7357534247	0	0.4813333333
252	0	0.8334931507	0.2315	0.4753333333	0.1033333333	0.5853333333	0.7346575342	0	0.4796666667
253	0	0.8325342466	0.2305	0.472	0.1022222222	0.5836666667	0.7334246575	0	0.4773333333
254	0	0.8317123288	0.229	0.4706666667	0.1	0.5836666667	0.7323287671	0	0.475
255	0	0.8308219178	0.2275	0.4696666667	0.0988888889	0.5823333333	0.7312328767	0	0.4726666667
256	0	0.8301369863	0.2235	0.4676666667	0.0955555556	0.5806666667	0.7300684932	0	0.4713333333
257	0	0.8295890411	0.22	0.465	0.0944444444	0.5796666667	0.7291780822	0	0.4693333333
258	0	0.829109589	0.2195	0.4633333333	0.0944444444	0.579	0.7281506849	0	0.468
259	0	0.8285616438	0.216	0.462	0.0922222222	0.578	0.7271232877	0	0.467
260	0	0.8282191781	0.214	0.4613333333	0.0911111111	0.5756666667	0.7260958904	0	0.465
261	0	0.8279452055	0.212	0.4606666667	0.09	0.5736666667	0.7251369863	0	0.463
262	0	0.8276712329	0.211	0.459	0.09	0.5723333333	0.724109589	0	0.4616666667
263	0	0.8268493151	0.2085	0.458	0.09	0.572	0.7232191781	0	0.4586666667
264	0	0.8259589041	0.207	0.4563333333	0.09	0.571	0.7221917808	0	0.456
265	0	0.8254109589	0.2045	0.4553333333	0.09	0.57	0.7210958904	0	0.4536666667
266	0	0.8250684932	0.203	0.4536666667	0.0877777778	0.5693333333	0.72	0	0.452
267	0	0.8241780822	0.201	0.4523333333	0.0877777778	0.568	0.7189041096	0	0.45
268	0	0.823630137	0.1995	0.4503333333	0.0877777778	0.567	0.717739726	0	0.4483333333
269	0	0.8221232877	0.198	0.448	0.0877777778	0.5656666667	0.7167123288	0	0.447
270	0	0.8217123288	0.1955	0.4473333333	0.0855555556	0.5646666667	0.7156164384	0	0.4456666667
271	0	0.820890411	0.193	0.4466666667	0.0855555556	0.564	0.7144520548	0	0.4443333333
272	0	0.8206164384	0.19	0.4446666667	0.0855555556	0.561	0.7134931507	0	0.443
273	0	0.8205479452	0.189	0.4433333333	0.0844444444	0.56	0.7124657534	0	0.441
274	0	0.82	0.188	0.443	0.0844444444	0.5586666667	0.7114383562	0	0.4393333333
275	0	0.8192465753	0.187	0.442	0.0833333333	0.5563333333	0.7104109589	0	0.4383333333
276	0	0.8184931507	0.185	0.4403333333	0.0822222222	0.5553333333	0.7095205479	0	0.4366666667
277	0	0.8181506849	0.184	0.4386666667	0.0822222222	0.5546666667	0.7082876712	0	0.435
278	0	0.8175342466	0.183	0.4373333333	0.0811111111	0.551	0.7071917808	0	0.4343333333
279	0	0.8164383562	0.1815	0.4366666667	0.08	0.5496666667	0.7059589041	0	0.4336666667
280	0	0.8160273973	0.1795	0.435	0.0788888889	0.5483333333	0.705	0	0.4316666667
281	0	0.8154109589	0.1775	0.4343333333	0.0777777778	0.548	0.7039041096	0	0.4303333333
282	0	0.8139726027	0.1775	0.4333333333	0.0777777778	0.5463333333	0.7028767123	0	0.4293333333
283	0	0.8130136986	0.1765	0.432	0.0777777778	0.5456666667	0.7018493151	0	0.4273333333
284	0	0.8121917808	0.1735	0.4306666667	0.0766666667	0.545	0.7007534247	0	0.4256666667
285	0	0.8116438356	0.1725	0.4286666667	0.0766666667	0.5443333333	0.6995890411	0	0.424
286	0	0.8111643836	0.1695	0.4253333333	0.0766666667	0.544	0.6986986301	0	0.4233333333
287	0	0.8106164384	0.1675	0.425	0.0755555556	0.5423333333	0.6976712329	0	0.422
288	0	0.8100684932	0.1655	0.4243333333	0.0755555556	0.541	0.6968493151	0	0.4196666667
289	0	0.8098630137	0.164	0.422	0.0755555556	0.5393333333	0.6958219178	0	0.418
290	0	0.8094520548	0.162	0.4203333333	0.0755555556	0.5376666667	0.6946575342	0	0.4163333333
291	0	0.8086986301	0.159	0.418	0.0744444444	0.537	0.6937671233	0	0.4153333333
292	0	0.8080821918	0.158	0.4166666667	0.0733333333	0.5356666667	0.6926027397	0	0.4146666667
293	0	0.8069863014	0.157	0.415	0.0733333333	0.535	0.6915068493	0	0.413
294	0	0.8064383562	0.1565	0.413	0.0733333333	0.5346666667	0.6904794521	0	0.4123333333
295	0	0.8057534247	0.1545	0.4113333333	0.0722222222	0.5333333333	0.6895205479	0	0.4103333333
296	0	0.8047260274	0.152	0.4103333333	0.0711111111	0.5323333333	0.6884931507	0	0.4093333333
297	0	0.8042465753	0.151	0.4093333333	0.0711111111	0.5316666667	0.6874657534	0	0.4076666667
298	0	0.8036986301	0.1505	0.4083333333	0.07	0.5293333333	0.686369863	0	0.4053333333
299	0	0.8026712329	0.1475	0.4076666667	0.07	0.5286666667	0.6853424658	0	0.4033333333
300	0	0.8021232877	0.1465	0.406	0.07	0.5273333333	0.6842465753	0	0.402
301	0	0.8017808219	0.1455	0.4043333333	0.0688888889	0.5256666667	0.6828767123	0	0.3996666667
302	0	0.8013013699	0.1435	0.402	0.0688888889	0.5243333333	0.6817808219	0	0.398
303	0	0.8011643836	0.142	0.4	0.0688888889	0.5233333333	0.6808219178	0	0.3966666667
304	0	0.8002054795	0.1405	0.3986666667	0.0688888889	0.522	0.6798630137	0	0.3956666667
305	0	0.7992465753	0.1395	0.3973333333	0.0688888889	0.5203333333	0.6789041096	0	0.3953333333
306	0	0.7988356164	0.1385	0.3953333333	0.0688888889	0.5183333333	0.6778082192	0	0.3943333333
307	0	0.7984931507	0.1365	0.3946666667	0.0677777778	0.517	0.6767808219	0	0.3936666667
308	0	0.7982191781	0.135	0.3936666667	0.0677777778	0.5163333333	0.6756849315	0	0.3926666667
309	0	0.797260274	0.1335	0.393	0.0666666667	0.515	0.6744520548	0	0.3906666667
310	0	0.7967123288	0.132	0.3926666667	0.0666666667	0.5143333333	0.6735616438	0	0.3903333333
311	0	0.7960958904	0.131	0.3913333333	0.0666666667	0.514	0.6723972603	0	0.3886666667
312	0	0.7956164384	0.1305	0.3906666667	0.0666666667	0.5126666667	0.6715753425	0	0.3883333333
313	0	0.7951369863	0.128	0.3896666667	0.0666666667	0.5113333333	0.6704794521	0	0.3863333333
314	0	0.7942465753	0.1255	0.388	0.0655555556	0.511	0.6693835616	0	0.3846666667
315	0	0.793630137	0.125	0.386	0.0655555556	0.509	0.6684246575	0	0.3836666667
316	0	0.7930821918	0.124	0.3846666667	0.0655555556	0.508	0.6671917808	0	0.3823333333
317	0	0.7923972603	0.1225	0.3833333333	0.0655555556	0.5073333333	0.6660273973	0	0.3793333333
318	0	0.7916438356	0.1215	0.3816666667	0.0644444444	0.5056666667	0.6651369863	0	0.3776666667
319	0	0.791369863	0.1205	0.3803333333	0.0644444444	0.5043333333	0.664109589	0	0.3743333333
320	0	0.7908219178	0.12	0.3796666667	0.0644444444	0.5033333333	0.6631506849	0	0.3736666667
321	0	0.7902739726	0.1185	0.378	0.0633333333	0.503	0.6620547945	0	0.3706666667
322	0	0.7899315068	0.1165	0.377	0.0633333333	0.5016666667	0.6609589041	0	0.369
323	0	0.7891780822	0.115	0.3753333333	0.0633333333	0.4996666667	0.6598630137	0	0.366
324	0	0.7884246575	0.114	0.3733333333	0.0633333333	0.499	0.658630137	0	0.364
325	0	0.7876712329	0.1125	0.3726666667	0.0633333333	0.4983333333	0.6576712329	0	0.36
326	0	0.7871232877	0.1115	0.371	0.0633333333	0.4973333333	0.6565753425	0	0.357
327	0	0.7865068493	0.1105	0.3696666667	0.0633333333	0.4963333333	0.6555479452	0	0.3556666667
328	0	0.7863013699	0.1085	0.3686666667	0.0633333333	0.4953333333	0.6545205479	0	0.3526666667
329	0	0.7857534247	0.1075	0.3673333333	0.0633333333	0.4936666667	0.6532191781	0	0.351
330	0	0.7847945205	0.106	0.3663333333	0.0633333333	0.4926666667	0.6523287671	0	0.3493333333
331	0	0.784109589	0.105	0.365	0.0633333333	0.4923333333	0.6513013699	0	0.3466666667
332	0	0.7831506849	0.104	0.364	0.0633333333	0.4916666667	0.6500684932	0	0.3436666667
333	0	0.7828082192	0.1035	0.3623333333	0.0633333333	0.4896666667	0.6487671233	0	0.3416666667
334	0	0.7819863014	0.103	0.362	0.0633333333	0.489	0.6478082192	0	0.34
335	0	0.7816438356	0.1015	0.3603333333	0.0633333333	0.4876666667	0.6468493151	0	0.3376666667
336	0	0.7810273973	0.1005	0.3593333333	0.0633333333	0.4866666667	0.6457534247	0	0.335
337	0	0.7803424658	0.0995	0.357	0.0622222222	0.4863333333	0.6446575342	0	0.3336666667
338	0	0.78	0.099	0.356	0.0622222222	0.4853333333	0.6436986301	0	0.331
339	0	0.7790410959	0.098	0.3546666667	0.0622222222	0.484	0.642739726	0	0.3286666667
340	0	0.7784931507	0.097	0.3536666667	0.0622222222	0.4823333333	0.6415753425	0	0.3266666667
341	0	0.777739726	0.097	0.353	0.0622222222	0.4816666667	0.6405479452	0	0.324
342	0	0.7770547945	0.096	0.3523333333	0.0622222222	0.4806666667	0.6395205479	0	0.3223333333
343	0	0.776369863	0.096	0.3516666667	0.0622222222	0.4793333333	0.6384246575	0	0.3213333333
344	0	0.775890411	0.094	0.349	0.0622222222	0.4783333333	0.6374657534	0	0.3193333333
345	0	0.7756164384	0.093	0.3473333333	0.0622222222	0.4773333333	0.636369863	0	0.3186666667
346	0	0.775	0.0915	0.346	0.0622222222	0.476	0.6352054795	0	0.3166666667
347	0	0.7743150685	0.0885	0.345	0.0622222222	0.4756666667	0.6342465753	0	0.3153333333
348	0	0.7739726027	0.087	0.3426666667	0.0622222222	0.475	0.6329452055	0	0.3133333333
349	0	0.7735616438	0.0865	0.342	0.0622222222	0.4736666667	0.6319863014	0	0.3123333333
350	0	0.7730136986	0.086	0.3406666667	0.0622222222	0.4733333333	0.6309589041	0	0.3106666667
351	0	0.7726712329	0.085	0.3393333333	0.0622222222	0.472	0.6299315068	0	0.308
352	0	0.7719178082	0.0835	0.3386666667	0.0622222222	0.4716666667	0.6289041096	0	0.3063333333
353	0	0.771369863	0.0825	0.3373333333	0.0622222222	0.4716666667	0.6279452055	0	0.3046666667
354	0	0.7704109589	0.0815	0.3356666667	0.0622222222	0.471	0.6268493151	0	0.3023333333
355	0	0.7698630137	0.081	0.335	0.0622222222	0.47	0.6258219178	0	0.3013333333
356	0	0.7691780822	0.0795	0.334	0.0622222222	0.4686666667	0.6247260274	0	0.2996666667
357	0	0.7684931507	0.079	0.333	0.0622222222	0.468	0.623630137	0	0.298
358	0	0.7682191781	0.075	0.3313333333	0.0611111111	0.4676666667	0.6226712329	0	0.297
359	0	0.7678082192	0.0735	0.3303333333	0.0611111111	0.4656666667	0.6216438356	0	0.296
360	0	0.7675342466	0.072	0.3293333333	0.0611111111	0.465	0.6205479452	0	0.2946666667
361	0	0.7669863014	0.0715	0.3283333333	0.0611111111	0.4643333333	0.6196575342	0	0.293
362	0	0.766369863	0.0695	0.3276666667	0.0611111111	0.4643333333	0.6185616438	0	0.29
363	0	0.7653424658	0.0695	0.327	0.0611111111	0.4636666667	0.6175342466	0	0.2873333333
364	0	0.7647945205	0.068	0.325	0.0611111111	0.4626666667	0.616369863	0	0.284
365	0	0.7644520548	0.0655	0.3243333333	0.0611111111	0.4623333333	0.6152054795	0	0.2823333333
366	0	0.7640410959	0.0645	0.324	0.0611111111	0.4613333333	0.6142465753	0	0.281
367	0	0.7630821918	0.0625	0.323	0.0611111111	0.46	0.6134246575	0	0.2783333333
368	0	0.7625342466	0.061	0.3206666667	0.0611111111	0.459	0.6124657534	0	0.276
369	0	0.7617123288	0.06	0.3203333333	0.0588888889	0.4583333333	0.6115753425	0	0.2726666667
370	0	0.7612328767	0.0595	0.3196666667	0.0588888889	0.457	0.6104109589	0	0.2696666667
371	0	0.7608219178	0.0585	0.319	0.0588888889	0.4566666667	0.6093150685	0	0.2686666667
372	0	0.7606164384	0.058	0.3173333333	0.0588888889	0.456	0.6082191781	0	0.2653333333
373	0	0.7593150685	0.0575	0.3163333333	0.0588888889	0.455	0.6069863014	0	0.264
374	0	0.7586986301	0.0555	0.315	0.0588888889	0.4543333333	0.6060958904	0	0.2623333333
375	0	0.7581506849	0.055	0.3136666667	0.0588888889	0.454	0.6049315068	0	0.26
376	0	0.7580136986	0.0545	0.312	0.0577777778	0.4533333333	0.6039041096	0	0.2573333333
377	0	0.7571917808	0.0545	0.3113333333	0.0577777778	0.4526666667	0.6028767123	0	0.2556666667
378	0	0.7565068493	0.054	0.3106666667	0.0577777778	0.4516666667	0.6017808219	0	0.2536666667
379	0	0.7563013699	0.054	0.3086666667	0.0566666667	0.45	0.6006849315	0	0.252
380	0	0.755890411	0.054	0.3086666667	0.0566666667	0.449	0.5995205479	0	0.251
381	0	0.7551369863	0.0535	0.3066666667	0.0566666667	0.4483333333	0.5985616438	0	0.2493333333
382	0	0.7543835616	0.0535	0.3056666667	0.0555555556	0.447	0.5974657534	0	0.248
383	0	0.7541780822	0.0535	0.304	0.0544444444	0.446	0.5963013699	0	0.2466666667
384	0	0.7536986301	0.0535	0.303	0.0544444444	0.4453333333	0.5953424658	0	0.245
385	0	0.7535616438	0.053	0.302	0.0533333333	0.4443333333	0.5942465753	0	0.2436666667
386	0	0.7530821918	0.0525	0.3013333333	0.0533333333	0.4433333333	0.5932191781	0	0.242
387	0	0.7519178082	0.051	0.3003333333	0.0533333333	0.4433333333	0.592260274	0	0.241
388	0	0.750890411	0.051	0.2986666667	0.0533333333	0.4426666667	0.5910958904	0	0.2393333333
389	0	0.7499315068	0.0505	0.2976666667	0.0522222222	0.4426666667	0.5899315068	0	0.236
390	0	0.7493835616	0.05	0.297	0.0522222222	0.4413333333	0.5889041096	0	0.2336666667
391	0	0.748630137	0.05	0.2963333333	0.0522222222	0.4403333333	0.5878082192	0	0.2323333333
392	0	0.7480136986	0.049	0.2946666667	0.0522222222	0.439	0.5867808219	0	0.2313333333
393	0	0.7475342466	0.049	0.2936666667	0.0522222222	0.438	0.5857534247	0	0.2293333333
394	0	0.7471232877	0.049	0.2923333333	0.0522222222	0.4366666667	0.5846575342	0	0.228
395	0	0.7462328767	0.0485	0.2913333333	0.0522222222	0.4363333333	0.583630137	0	0.2266666667
396	0	0.7454109589	0.0485	0.2896666667	0.0511111111	0.4363333333	0.5825342466	0	0.2243333333
397	0	0.7446575342	0.0485	0.289	0.0511111111	0.4356666667	0.5814383562	0	0.222
398	0	0.7441780822	0.0485	0.2876666667	0.0511111111	0.4356666667	0.5804794521	0	0.2206666667
399	0	0.7432191781	0.048	0.287	0.05	0.4346666667	0.5795890411	0	0.219
400	0	0.7426712329	0.048	0.2856666667	0.05	0.4343333333	0.5784931507	0	0.2176666667
401	0	0.7421917808	0.0475	0.2853333333	0.0477777778	0.4333333333	0.5775342466	0	0.2156666667
402	0	0.741369863	0.0475	0.2833333333	0.0477777778	0.433	0.5764383562	0	0.215
403	0	0.7406849315	0.0475	0.2823333333	0.0466666667	0.4323333333	0.5754109589	0	0.213
404	0	0.7402739726	0.0475	0.282	0.0455555556	0.4316666667	0.5743835616	0	0.212
405	0	0.7397260274	0.047	0.2816666667	0.0455555556	0.431	0.5732191781	0	0.2106666667
406	0	0.7391780822	0.046	0.281	0.0444444444	0.4303333333	0.5721232877	0	0.21
407	0	0.7382876712	0.0455	0.28	0.0444444444	0.4296666667	0.5710958904	0	0.2093333333
408	0	0.7378082192	0.045	0.2793333333	0.0444444444	0.4286666667	0.5700684932	0	0.2086666667
409	0	0.7373972603	0.0435	0.2786666667	0.0433333333	0.427	0.5689726027	0	0.2073333333
410	0	0.7367808219	0.043	0.2783333333	0.0433333333	0.4266666667	0.5680136986	0	0.206
411	0	0.7360958904	0.042	0.2776666667	0.0433333333	0.426	0.5669863014	0	0.2046666667
412	0	0.7356849315	0.0415	0.276	0.0433333333	0.4243333333	0.5660273973	0	0.203
413	0	0.7351369863	0.041	0.2743333333	0.0422222222	0.4236666667	0.5648630137	0	0.202
414	0	0.7345890411	0.0405	0.2736666667	0.04	0.423	0.5639726027	0	0.2013333333
415	0	0.7344520548	0.04	0.2733333333	0.04	0.422	0.5629452055	0	0.1993333333
416	0	0.7340410959	0.04	0.2716666667	0.0388888889	0.421	0.5617808219	0	0.1983333333
417	0	0.733630137	0.04	0.2706666667	0.0388888889	0.4196666667	0.5608219178	0	0.1966666667
418	0	0.7332191781	0.0395	0.2693333333	0.0366666667	0.419	0.5597260274	0	0.195
419	0	0.7326712329	0.038	0.2686666667	0.0366666667	0.418	0.558630137	0	0.194
420	0	0.732260274	0.0375	0.267	0.0355555556	0.4166666667	0.5576712329	0	0.193
421	0	0.7315068493	0.0375	0.266	0.0344444444	0.416	0.5565753425	0	0.192
422	0	0.7310273973	0.037	0.2653333333	0.0344444444	0.4156666667	0.5555479452	0	0.1906666667
423	0	0.7304109589	0.0365	0.2636666667	0.0344444444	0.4153333333	0.5543835616	0	0.1893333333
424	0	0.7296575342	0.036	0.263	0.0333333333	0.4143333333	0.5532876712	0	0.188
425	0	0.7291780822	0.036	0.262	0.0322222222	0.4143333333	0.5524657534	0	0.1866666667
426	0	0.728630137	0.0355	0.2613333333	0.0311111111	0.4133333333	0.5513013699	0	0.1856666667
427	0	0.7282191781	0.0355	0.2606666667	0.03	0.4123333333	0.5502739726	0	0.1843333333
428	0	0.7278767123	0.035	0.2596666667	0.03	0.412	0.5492465753	0	0.1833333333
429	0	0.7275342466	0.035	0.2586666667	0.0288888889	0.4116666667	0.5480821918	0	0.1826666667
430	0	0.7267808219	0.0345	0.258	0.0288888889	0.411	0.5469863014	0	0.1823333333
431	0	0.726369863	0.0335	0.256	0.0277777778	0.41	0.5459589041	0	0.1816666667
432	0	0.7256164384	0.0335	0.2543333333	0.0277777778	0.4096666667	0.5449315068	0	0.1806666667
433	0	0.7253424658	0.0335	0.254	0.0277777778	0.4093333333	0.5439041096	0	0.18
434	0	0.725	0.0335	0.2533333333	0.0266666667	0.4086666667	0.542739726	0	0.1783333333
435	0	0.7244520548	0.0335	0.253	0.0255555556	0.408	0.5417808219	0	0.1766666667
436	0	0.7238356164	0.0335	0.2516666667	0.0244444444	0.4073333333	0.5406164384	0	0.174
437	0	0.7233561644	0.033	0.2506666667	0.0244444444	0.407	0.5394520548	0	0.172
438	0	0.722260274	0.033	0.2496666667	0.0244444444	0.4063333333	0.5384246575	0	0.171
439	0	0.7219178082	0.0325	0.2486666667	0.0233333333	0.4053333333	0.5373287671	0	0.1693333333
440	0	0.7215753425	0.0315	0.2473333333	0.0233333333	0.4046666667	0.5363013699	0	0.167
441	0	0.720890411	0.0315	0.2456666667	0.0222222222	0.4036666667	0.5352739726	0	0.1656666667
442	0	0.7204109589	0.0315	0.245	0.0211111111	0.4036666667	0.5342465753	0	0.164
443	0	0.7197260274	0.0315	0.2436666667	0.0211111111	0.4023333333	0.5331506849	0	0.162
444	0	0.7188356164	0.0315	0.243	0.02	0.402	0.5321232877	0	0.1606666667
445	0	0.7181506849	0.0315	0.2426666667	0.02	0.402	0.530890411	0	0.1593333333
446	0	0.7176712329	0.0315	0.2423333333	0.0188888889	0.4016666667	0.5297260274	0	0.159
447	0	0.7165753425	0.0315	0.2416666667	0.0177777778	0.4006666667	0.5286986301	0	0.157
448	0	0.7162328767	0.0315	0.24	0.0166666667	0.4	0.5276027397	0	0.1556666667
449	0	0.7156849315	0.031	0.2386666667	0.0155555556	0.399	0.5265753425	0	0.1543333333
450	0	0.715	0.031	0.2376666667	0.0155555556	0.3983333333	0.5256164384	0	0.1533333333
451	0	0.7143835616	0.031	0.2363333333	0.0144444444	0.3973333333	0.5245890411	0	0.152
452	0	0.7139726027	0.031	0.2353333333	0.0144444444	0.397	0.5234246575	0	0.1513333333
453	0	0.713630137	0.031	0.235	0.0144444444	0.396	0.5223972603	0	0.15
454	0	0.7130136986	0.031	0.2343333333	0.0133333333	0.3953333333	0.5212328767	0	0.149
455	0	0.7120547945	0.031	0.234	0.0133333333	0.3946666667	0.5201369863	0	0.1476666667
456	0	0.7116438356	0.031	0.233	0.0133333333	0.3943333333	0.519109589	0	0.1463333333
457	0	0.7106849315	0.031	0.232	0.0122222222	0.393	0.5180136986	0	0.1446666667
458	0	0.7100684932	0.0305	0.2303333333	0.0122222222	0.3913333333	0.5171917808	0	0.143
459	0	0.7095890411	0.0305	0.229	0.0122222222	0.391	0.515890411	0	0.142
460	0	0.7090410959	0.0305	0.2283333333	0.0122222222	0.3903333333	0.5148630137	0	0.1406666667
461	0	0.7086986301	0.0305	0.228	0.0122222222	0.3893333333	0.5137671233	0	0.1393333333
462	0	0.7085616438	0.0305	0.2273333333	0.0111111111	0.3883333333	0.5125342466	0	0.1376666667
463	0	0.7079452055	0.0305	0.2263333333	0.0111111111	0.387	0.5115753425	0	0.1366666667
464	0	0.7069178082	0.0305	0.225	0.0111111111	0.3863333333	0.5105479452	0	0.1356666667
465	0	0.7062328767	0.0305	0.224	0.0111111111	0.3863333333	0.5094520548	0	0.135
466	0	0.7060273973	0.0305	0.2226666667	0.0111111111	0.386	0.5084931507	0	0.1343333333
467	0	0.705890411	0.0305	0.2216666667	0.01	0.3856666667	0.507260274	0	0.133
468	0	0.7052054795	0.03	0.2206666667	0.01	0.385	0.5062328767	0	0.132
469	0	0.7049315068	0.03	0.2193333333	0.01	0.3846666667	0.5051369863	0	0.1313333333
470	0	0.7045890411	0.03	0.2186666667	0.0088888889	0.384	0.5038356164	0	0.1306666667
471	0	0.7040410959	0.0295	0.218	0.0088888889	0.3833333333	0.5028082192	0	0.1293333333
472	0	0.7034931507	0.0295	0.2173333333	0.0088888889	0.383	0.5018493151	0	0.1283333333
473	0	0.7029452055	0.0295	0.2163333333	0.0077777778	0.3826666667	0.5008219178	0	0.1273333333
474	0	0.7017123288	0.0295	0.215	0.0077777778	0.382	0.5000684932	0	0.1256666667
475	0	0.7012328767	0.0295	0.214	0.0077777778	0.3813333333	0.4989041096	0	0.1246666667
476	0	0.7006164384	0.0295	0.2126666667	0.0077777778	0.38	0.4978082192	0	0.123
477	0	0.7002739726	0.0295	0.211	0.0077777778	0.3796666667	0.4968493151	0	0.122
478	0	0.6998630137	0.029	0.2096666667	0.0077777778	0.3786666667	0.4956849315	0	0.1213333333
479	0	0.6994520548	0.029	0.2083333333	0.0055555556	0.3776666667	0.4947260274	0	0.1203333333
480	0	0.6985616438	0.0285	0.2076666667	0.0055555556	0.3766666667	0.4934931507	0	0.1196666667
481	0	0.6975342466	0.0285	0.207	0.0055555556	0.376	0.4925342466	0	0.1186666667
482	0	0.6968493151	0.0285	0.206	0.0044444444	0.3753333333	0.4915068493	0	0.1176666667
483	0	0.6966438356	0.028	0.204	0.0044444444	0.3746666667	0.4904109589	0	0.117
484	0	0.6962328767	0.0275	0.202	0.0033333333	0.374	0.4893835616	0	0.1166666667
485	0	0.6956849315	0.0275	0.2003333333	0.0033333333	0.3733333333	0.4882191781	0	0.1153333333
486	0	0.695	0.027	0.1986666667	0.0022222222	0.3726666667	0.4871232877	0	0.1146666667
487	0	0.6945205479	0.027	0.1973333333	0.0022222222	0.3716666667	0.4860273973	0	0.1136666667
488	0	0.6943150685	0.027	0.1966666667	0.0022222222	0.371	0.485	0	0.113
489	0	0.6939041096	0.0265	0.1956666667	0.0022222222	0.3703333333	0.4839726027	0	0.112
490	0	0.6936986301	0.0265	0.195	0.0022222222	0.37	0.4828767123	0	0.111
491	0	0.6933561644	0.026	0.194	0.0022222222	0.3693333333	0.4818493151	0	0.1096666667
492	0	0.6921917808	0.026	0.1926666667	0.0022222222	0.3686666667	0.4808219178	0	0.109
493	0	0.6916438356	0.026	0.191	0.0022222222	0.3683333333	0.4797260274	0	0.1076666667
494	0	0.6909589041	0.026	0.1903333333	0.0011111111	0.368	0.4787671233	0	0.1063333333
495	0	0.6904109589	0.0255	0.189	0.0011111111	0.3676666667	0.4776712329	0	0.105
496	0	0.6899315068	0.0255	0.1886666667	0.0011111111	0.367	0.4767123288	0	0.1036666667
497	0	0.6891780822	0.0245	0.188	0.0011111111	0.3656666667	0.4757534247	0	0.1023333333
498	0	0.6888356164	0.024	0.1873333333	0.0011111111	0.365	0.4746575342	0	0.102
499	0	0.6882876712	0.0235	0.186	0.0011111111	0.3646666667	0.4736986301	0	0.1013333333
500	0	0.6876027397	0.0235	0.1846666667	0	0.3636666667	0.4726712329	0	0.1006666667
501	0	0.6869863014	0.023	0.1836666667	0	0.3633333333	0.4715068493	0	0.1
502	0	0.6865068493	0.023	0.183	0	0.3623333333	0.4703424658	0	0.0993333333
503	0	0.6858219178	0.023	0.1816666667	0	0.362	0.4692465753	0	0.0983333333
504	0	0.6851369863	0.0225	0.1806666667	0	0.362	0.4682876712	0	0.0976666667
505	0	0.6839041096	0.022	0.18	0	0.3616666667	0.467260274	0	0.0966666667
506	0	0.6832191781	0.022	0.1796666667	0	0.3613333333	0.4660273973	0	0.0963333333
507	0	0.682739726	0.021	0.1783333333	0	0.361	0.4651369863	0	0.0956666667
508	0	0.6823287671	0.0205	0.1773333333	0	0.3603333333	0.464109589	0	0.0946666667
509	0	0.6818493151	0.0205	0.1763333333	0	0.3593333333	0.4630821918	0	0.094
510	0	0.6815068493	0.0205	0.1753333333	0	0.3586666667	0.4619178082	0	0.0936666667
511	0	0.6810958904	0.02	0.1746666667	0	0.3573333333	0.4610273973	0	0.093
512	0	0.6806849315	0.0195	0.174	0	0.3566666667	0.46	0	0.092
513	0	0.6799315068	0.0185	0.1733333333	0	0.356	0.4589041096	0	0.0916666667
514	0	0.6795205479	0.0175	0.172	0	0.3546666667	0.4575342466	0	0.0906666667
515	0	0.6785616438	0.0165	0.171	0	0.3543333333	0.4566438356	0	0.09
516	0	0.6778082192	0.0165	0.1696666667	0	0.3533333333	0.4555479452	0	0.0893333333
517	0	0.6773287671	0.0165	0.1686666667	0	0.3526666667	0.4545205479	0	0.0886666667
518	0	0.6768493151	0.0155	0.1676666667	0	0.3523333333	0.4533561644	0	0.0876666667
519	0	0.6762328767	0.0145	0.166	0	0.3516666667	0.4523287671	0	0.0866666667
520	0	0.6760958904	0.014	0.1653333333	0	0.3513333333	0.4513013699	0	0.0856666667
521	0	0.6752739726	0.014	0.164	0	0.351	0.4502054795	0	0.0843333333
522	0	0.6745890411	0.0135	0.163	0	0.3503333333	0.4490410959	0	0.083
523	0	0.6739726027	0.0125	0.1616666667	0	0.35	0.4480821918	0	0.082
524	0	0.6736986301	0.012	0.1603333333	0	0.349	0.4470547945	0	0.0813333333
525	0	0.6732191781	0.011	0.1583333333	0	0.3486666667	0.4459589041	0	0.0796666667
526	0	0.6723972603	0.01	0.1573333333	0	0.348	0.445	0	0.0773333333
527	0	0.6717808219	0.01	0.1563333333	0	0.3473333333	0.4439041096	0	0.0763333333
528	0	0.6709589041	0.01	0.156	0	0.3466666667	0.442739726	0	0.0753333333
529	0	0.6704794521	0.0095	0.1553333333	0	0.3463333333	0.4416438356	0	0.0743333333
530	0	0.67	0.0095	0.1546666667	0	0.3456666667	0.4403424658	0	0.073
531	0	0.6696575342	0.0095	0.1533333333	0	0.345	0.4394520548	0	0.072
532	0	0.6693835616	0.009	0.1526666667	0	0.3446666667	0.4383561644	0	0.071
533	0	0.6687671233	0.0085	0.151	0	0.344	0.4373972603	0	0.0703333333
534	0	0.6679452055	0.008	0.1496666667	0	0.3436666667	0.4363013699	0	0.0693333333
535	0	0.6676712329	0.0075	0.1493333333	0	0.343	0.4353424658	0	0.0686666667
536	0	0.6671232877	0.0075	0.1483333333	0	0.3426666667	0.4341780822	0	0.068
537	0	0.6665068493	0.0075	0.1473333333	0	0.342	0.4331506849	0	0.067
538	0	0.6658219178	0.0075	0.147	0	0.3416666667	0.4321232877	0	0.0666666667
539	0	0.6653424658	0.0075	0.146	0	0.3406666667	0.4310273973	0	0.065
540	0	0.6647945205	0.0075	0.1453333333	0	0.34	0.4298630137	0	0.0643333333
541	0	0.664109589	0.007	0.1446666667	0	0.339	0.4286986301	0	0.064
542	0	0.6634246575	0.0065	0.1433333333	0	0.3386666667	0.4276712329	0	0.0636666667
543	0	0.6628767123	0.0065	0.142	0	0.3383333333	0.4267808219	0	0.0626666667
544	0	0.6623287671	0.006	0.141	0	0.3376666667	0.4256849315	0	0.0613333333
545	0	0.6618493151	0.0055	0.1396666667	0	0.3366666667	0.4244520548	0	0.0606666667
546	0	0.6614383562	0.005	0.139	0	0.3363333333	0.4234246575	0	0.06
547	0	0.6610958904	0.005	0.1383333333	0	0.3356666667	0.4225342466	0	0.0593333333
548	0	0.6607534247	0.005	0.137	0	0.3353333333	0.4215068493	0	0.059
549	0	0.6602739726	0.0045	0.1356666667	0	0.335	0.4203424658	0	0.0586666667
550	0	0.66	0.0045	0.135	0	0.3346666667	0.4193150685	0	0.0583333333
551	0	0.6595890411	0.004	0.1343333333	0	0.3343333333	0.4182876712	0	0.0583333333
552	0	0.6587671233	0.004	0.1336666667	0	0.3333333333	0.4173972603	0	0.0576666667
553	0	0.6582191781	0.004	0.132	0	0.3326666667	0.4162328767	0	0.0566666667
554	0	0.657739726	0.004	0.1316666667	0	0.332	0.4152054795	0	0.056
555	0	0.6576027397	0.004	0.1313333333	0	0.331	0.4143150685	0	0.055
556	0	0.6573287671	0.004	0.1303333333	0	0.3303333333	0.4132876712	0	0.0546666667
557	0	0.6567123288	0.004	0.1286666667	0	0.3296666667	0.412260274	0	0.0546666667
558	0	0.6560958904	0.004	0.127	0	0.3293333333	0.4111643836	0	0.0543333333
559	0	0.6554109589	0.0035	0.1263333333	0	0.3286666667	0.4101369863	0	0.0536666667
560	0	0.6545205479	0.0035	0.1253333333	0	0.3276666667	0.4090410959	0	0.0533333333
561	0	0.6539726027	0.0035	0.1243333333	0	0.3266666667	0.4078767123	0	0.053
562	0	0.6535616438	0.0035	0.1233333333	0	0.3263333333	0.4067123288	0	0.051
563	0	0.6529452055	0.0035	0.1223333333	0	0.3253333333	0.405890411	0	0.0506666667
564	0	0.652739726	0.0035	0.121	0	0.325	0.4047945205	0	0.0506666667
565	0	0.652260274	0.0035	0.1203333333	0	0.3243333333	0.4038356164	0	0.0503333333
566	0	0.6520547945	0.0035	0.1193333333	0	0.323	0.4028082192	0	0.0496666667
567	0	0.6517808219	0.0035	0.1183333333	0	0.3213333333	0.4017808219	0	0.0493333333
568	0	0.6511643836	0.0035	0.1173333333	0	0.3203333333	0.4007534247	0	0.0486666667
569	0	0.6506164384	0.0035	0.117	0	0.3193333333	0.3995890411	0	0.0486666667
570	0	0.6502739726	0.003	0.116	0	0.3186666667	0.3984246575	0	0.0483333333
571	0	0.6499315068	0.002	0.1153333333	0	0.3183333333	0.3976027397	0	0.0473333333
572	0	0.6491780822	0.002	0.1143333333	0	0.3173333333	0.396369863	0	0.046
573	0	0.6483561644	0.002	0.1136666667	0	0.3173333333	0.3954109589	0	0.045
574	0	0.6475342466	0.0015	0.113	0	0.3166666667	0.3942465753	0	0.045
575	0	0.6471232877	0.0015	0.1123333333	0	0.3163333333	0.3932191781	0	0.045
576	0	0.6463013699	0.0015	0.1123333333	0	0.3153333333	0.3920547945	0	0.0446666667
577	0	0.6457534247	0.0015	0.1106666667	0	0.3143333333	0.3908219178	0	0.0446666667
578	0	0.6454109589	0.001	0.11	0	0.3136666667	0.3898630137	0	0.0443333333
579	0	0.6451369863	0.001	0.1096666667	0	0.3133333333	0.3890410959	0	0.044
580	0	0.6448630137	0.001	0.1093333333	0	0.3123333333	0.3878767123	0	0.0436666667
581	0	0.6444520548	0.001	0.1086666667	0	0.312	0.3868493151	0	0.0436666667
582	0	0.644109589	0	0.108	0	0.3113333333	0.3859589041	0	0.0436666667
583	0	0.6433561644	0	0.1073333333	0	0.311	0.385	0	0.0416666667
584	0	0.6429452055	0	0.107	0	0.3103333333	0.3839041096	0	0.0416666667
585	0	0.6428082192	0	0.106	0	0.3093333333	0.382739726	0	0.0416666667
586	0	0.6423972603	0	0.1053333333	0	0.3086666667	0.3817123288	0	0.0416666667
587	0	0.6419863014	0	0.1043333333	0	0.3076666667	0.3806849315	0	0.0416666667
588	0	0.6411643836	0	0.1036666667	0	0.307	0.3797260274	0	0.0416666667
589	0	0.6403424658	0	0.1036666667	0	0.3066666667	0.378630137	0	0.0416666667
590	0	0.6397260274	0	0.1023333333	0	0.306	0.3775342466	0	0.0416666667
591	0	0.6393150685	0	0.102	0	0.3056666667	0.376369863	0	0.0416666667
592	0	0.6388356164	0	0.1013333333	0	0.305	0.3753424658	0	0.0416666667
593	0	0.6379452055	0	0.101	0	0.304	0.3743150685	0	0.0403333333
594	0	0.6376712329	0	0.1003333333	0	0.303	0.3732191781	0	0.04
595	0	0.6370547945	0	0.099	0	0.3016666667	0.3721917808	0	0.0386666667
596	0	0.6365753425	0	0.098	0	0.3013333333	0.3711643836	0	0.037
597	0	0.6358219178	0	0.0973333333	0	0.3006666667	0.3702739726	0	0.037
598	0	0.6354109589	0	0.0963333333	0	0.3003333333	0.3690410959	0	0.037
599	0	0.6353424658	0	0.095	0	0.2996666667	0.3680821918	0	0.037
600	0	0.6349315068	0	0.0936666667	0	0.2986666667	0.3671917808	0	0.037
601	0	0.6345205479	0	0.093	0	0.298	0.3660273973	0	0.037
602	0	0.6339726027	0	0.0923333333	0	0.2973333333	0.3648630137	0	0.037
603	0	0.6336986301	0	0.0913333333	0	0.2963333333	0.3637671233	0	0.037
604	0	0.6332191781	0	0.091	0	0.2956666667	0.3628082192	0	0.037
605	0	0.6326712329	0	0.0903333333	0	0.295	0.3618493151	0	0.037
606	0	0.6325342466	0	0.0896666667	0	0.294	0.3607534247	0	0.037
607	0	0.6321232877	0	0.0886666667	0	0.2933333333	0.3598630137	0	0.037
608	0	0.6319863014	0	0.088	0	0.2926666667	0.3588356164	0	0.037
609	0	0.6313013699	0	0.0876666667	0	0.2923333333	0.357739726	0	0.037
610	0	0.630890411	0	0.0873333333	0	0.2916666667	0.3566438356	0	0.037
611	0	0.6304794521	0	0.0866666667	0	0.2903333333	0.3556164384	0	0.037
612	0	0.6296575342	0	0.0856666667	0	0.2896666667	0.3545205479	0	0.0366666667
613	0	0.629109589	0	0.0846666667	0	0.2883333333	0.3535616438	0	0.0366666667
614	0	0.6284931507	0	0.0833333333	0	0.2873333333	0.3523287671	0	0.0366666667
615	0	0.6280136986	0	0.0826666667	0	0.2866666667	0.3513013699	0	0.0366666667
616	0	0.6274657534	0	0.082	0	0.286	0.3502739726	0	0.0366666667
617	0	0.6267808219	0	0.0813333333	0	0.2853333333	0.3492465753	0	0.0366666667
618	0	0.6265068493	0	0.081	0	0.284	0.3482191781	0	0.0366666667
619	0	0.6260273973	0	0.0806666667	0	0.2833333333	0.347260274	0	0.0366666667
620	0	0.6256849315	0	0.0803333333	0	0.2826666667	0.3462328767	0	0.0366666667
621	0	0.6251369863	0	0.0793333333	0	0.282	0.3451369863	0	0.035
622	0	0.6247260274	0	0.0783333333	0	0.2816666667	0.3439726027	0	0.035
623	0	0.6237671233	0	0.078	0	0.281	0.3428767123	0	0.035
624	0	0.6232191781	0	0.0773333333	0	0.2803333333	0.3419178082	0	0.035
625	0	0.6226712329	0	0.0766666667	0	0.279	0.340890411	0	0.035
626	0	0.622260274	0	0.0763333333	0	0.2786666667	0.3397945205	0	0.035
627	0	0.6218493151	0	0.0756666667	0	0.2783333333	0.3387671233	0	0.035
628	0	0.6217123288	0	0.0756666667	0	0.2776666667	0.3378082192	0	0.035
629	0	0.6212328767	0	0.074	0	0.2766666667	0.3367808219	0	0.035
630	0	0.6206164384	0	0.074	0	0.275	0.3356164384	0	0.035
631	0	0.6197945205	0	0.0736666667	0	0.274	0.3345890411	0	0.035
632	0	0.619109589	0	0.0726666667	0	0.2726666667	0.3335616438	0	0.035
633	0	0.6183561644	0	0.0723333333	0	0.272	0.3324657534	0	0.035
634	0	0.6182876712	0	0.0713333333	0	0.2713333333	0.3313013699	0	0.035
635	0	0.6176712329	0	0.071	0	0.2703333333	0.3302739726	0	0.035
636	0	0.6171232877	0	0.07	0	0.2693333333	0.3292465753	0	0.035
637	0	0.6164383562	0	0.069	0	0.2686666667	0.3281506849	0	0.035
638	0	0.6160273973	0	0.068	0	0.2676666667	0.3270547945	0	0.035
639	0	0.6154109589	0	0.0673333333	0	0.267	0.3260958904	0	0.0333333333
640	0	0.6149315068	0	0.066	0	0.2663333333	0.3251369863	0	0.0333333333
641	0	0.6145205479	0	0.0656666667	0	0.2653333333	0.3238356164	0	0.0333333333
642	0	0.614109589	0	0.0653333333	0	0.2646666667	0.3226712329	0	0.0333333333
643	0	0.6136986301	0	0.0646666667	0	0.2643333333	0.3216438356	0	0.0333333333
644	0	0.6134931507	0	0.0643333333	0	0.2636666667	0.3206849315	0	0.0333333333
645	0	0.6129452055	0	0.0636666667	0	0.2626666667	0.3197260274	0	0.0333333333
646	0	0.6121917808	0	0.063	0	0.262	0.3185616438	0	0.0333333333
647	0	0.6117123288	0	0.0616666667	0	0.2616666667	0.317739726	0	0.0333333333
648	0	0.610890411	0	0.061	0	0.2606666667	0.3167808219	0	0.0333333333
649	0	0.6102054795	0	0.0606666667	0	0.26	0.3156164384	0	0.0333333333
650	0	0.6096575342	0	0.0603333333	0	0.2593333333	0.3145205479	0	0.0333333333
651	0	0.6092465753	0	0.06	0	0.258	0.3134931507	0	0.0333333333
652	0	0.6084931507	0	0.0596666667	0	0.2573333333	0.3124657534	0	0.0333333333
653	0	0.6080136986	0	0.059	0	0.2563333333	0.3115753425	0	0.0333333333
654	0	0.6071917808	0	0.0583333333	0	0.2553333333	0.3104109589	0	0.0333333333
655	0	0.6063013699	0	0.058	0	0.2533333333	0.3093835616	0	0.0333333333
656	0	0.6058219178	0	0.057	0	0.2523333333	0.3084246575	0	0.0333333333
657	0	0.6053424658	0	0.056	0	0.2516666667	0.3073972603	0	0.0333333333
658	0	0.6049315068	0	0.056	0	0.251	0.3062328767	0	0.0333333333
659	0	0.6043835616	0	0.0546666667	0	0.25	0.3052054795	0	0.0333333333
660	0	0.6039726027	0	0.054	0	0.249	0.3041780822	0	0.0333333333
661	0	0.6033561644	0	0.053	0	0.248	0.3031506849	0	0.0333333333
662	0	0.6030821918	0	0.0526666667	0	0.247	0.3020547945	0	0.0333333333
663	0	0.602739726	0	0.0523333333	0	0.2463333333	0.3010273973	0	0.0333333333
664	0	0.6024657534	0	0.0523333333	0	0.2453333333	0.2997945205	0	0.0333333333
665	0	0.6021232877	0	0.0516666667	0	0.2443333333	0.2988356164	0	0.0333333333
666	0	0.601369863	0	0.051	0	0.243	0.2976712329	0	0.0333333333
667	0	0.600890411	0	0.0503333333	0	0.2423333333	0.2967123288	0	0.0333333333
668	0	0.6004109589	0	0.05	0	0.242	0.2956849315	0	0.0333333333
669	0	0.5999315068	0	0.0496666667	0	0.2413333333	0.2945890411	0	0.0333333333
670	0	0.5995205479	0	0.049	0	0.241	0.293630137	0	0.0333333333
671	0	0.5989726027	0	0.048	0	0.2403333333	0.2926027397	0	0.0333333333
672	0	0.5984246575	0	0.0476666667	0	0.2393333333	0.2915068493	0	0.0333333333
673	0	0.5982191781	0	0.0473333333	0	0.2383333333	0.2903424658	0	0.0333333333
674	0	0.597739726	0	0.0473333333	0	0.2373333333	0.2893150685	0	0.0333333333
675	0	0.5975342466	0	0.047	0	0.237	0.2882191781	0	0.0333333333
676	0	0.5974657534	0	0.0463333333	0	0.2363333333	0.2871232877	0	0.0333333333
677	0	0.5973287671	0	0.046	0	0.236	0.2860958904	0	0.0333333333
678	0	0.5969178082	0	0.0456666667	0	0.2353333333	0.2851369863	0	0.0333333333
679	0	0.596369863	0	0.045	0	0.2346666667	0.2842465753	0	0.0333333333
680	0	0.5959589041	0	0.0446666667	0	0.2336666667	0.2831506849	0	0.0333333333
681	0	0.5956849315	0	0.0446666667	0	0.2326666667	0.2820547945	0	0.0333333333
682	0	0.5949315068	0	0.044	0	0.2316666667	0.2809589041	0	0.0333333333
683	0	0.5943150685	0	0.044	0	0.231	0.2798630137	0	0.0333333333
684	0	0.5939041096	0	0.0436666667	0	0.2306666667	0.2789041096	0	0.0333333333
685	0	0.5934246575	0	0.0433333333	0	0.2296666667	0.2778082192	0	0.0333333333
686	0	0.5928767123	0	0.0433333333	0	0.2286666667	0.2768493151	0	0.0333333333
687	0	0.5923972603	0	0.043	0	0.2283333333	0.2758219178	0	0.0333333333
688	0	0.5917123288	0	0.0423333333	0	0.2273333333	0.2747945205	0	0.0333333333
689	0	0.5913013699	0	0.042	0	0.227	0.2737671233	0	0.0333333333
690	0	0.5905479452	0	0.042	0	0.2263333333	0.272739726	0	0.0333333333
691	0	0.5902739726	0	0.0416666667	0	0.226	0.2715753425	0	0.0333333333
692	0	0.5899315068	0	0.0416666667	0	0.2253333333	0.2704109589	0	0.0333333333
693	0	0.5894520548	0	0.0413333333	0	0.2246666667	0.2692465753	0	0.0333333333
694	0	0.5889041096	0	0.0413333333	0	0.224	0.2682191781	0	0.0333333333
695	0	0.5884246575	0	0.041	0	0.2226666667	0.267260274	0	0.0333333333
696	0	0.5878767123	0	0.0406666667	0	0.221	0.2662328767	0	0.0333333333
697	0	0.5870547945	0	0.0403333333	0	0.2203333333	0.2651369863	0	0.0333333333
698	0	0.5865068493	0	0.0403333333	0	0.22	0.264109589	0	0.0333333333
699	0	0.585890411	0	0.0396666667	0	0.219	0.2630821918	0	0.0333333333
700	0	0.5858219178	0	0.0396666667	0	0.2183333333	0.2619863014	0	0.0333333333
701	0	0.5854109589	0	0.0393333333	0	0.2176666667	0.260890411	0	0.0333333333
702	0	0.5851369863	0	0.039	0	0.2163333333	0.2597945205	0	0.0333333333
703	0	0.5847945205	0	0.039	0	0.2156666667	0.2589726027	0	0.0333333333
704	0	0.5844520548	0	0.039	0	0.2153333333	0.2578082192	0	0.0333333333
705	0	0.5838356164	0	0.0386666667	0	0.2143333333	0.2567123288	0	0.0333333333
706	0	0.5832191781	0	0.0383333333	0	0.214	0.2555479452	0	0.0333333333
707	0	0.5824657534	0	0.038	0	0.2133333333	0.2545205479	0	0.0333333333
708	0	0.5815753425	0	0.0376666667	0	0.2123333333	0.2534931507	0	0.0333333333
709	0	0.5812328767	0	0.0376666667	0	0.2123333333	0.2525342466	0	0.0333333333
710	0	0.5806849315	0	0.0373333333	0	0.2116666667	0.2515068493	0	0.0333333333
711	0	0.5802739726	0	0.037	0	0.2113333333	0.2506164384	0	0.0333333333
712	0	0.5797260274	0	0.037	0	0.211	0.2495205479	0	0.0333333333
713	0	0.579109589	0	0.0366666667	0	0.21	0.2482876712	0	0.0333333333
714	0	0.5782191781	0	0.0363333333	0	0.2093333333	0.2471232877	0	0.0333333333
715	0	0.5779452055	0	0.0363333333	0	0.2086666667	0.2460958904	0	0.0333333333
716	0	0.5773972603	0	0.0363333333	0	0.2083333333	0.2450684932	0	0.0333333333
717	0	0.5767808219	0	0.0363333333	0	0.2076666667	0.2439726027	0	0.0333333333
718	0	0.5763013699	0	0.036	0	0.2066666667	0.2430821918	0	0.0333333333
719	0	0.5760958904	0	0.0356666667	0	0.2056666667	0.2420547945	0	0.0333333333
720	0	0.5755479452	0	0.0356666667	0	0.2053333333	0.2410273973	0	0.0333333333
721	0	0.5750684932	0	0.0353333333	0	0.2043333333	0.2397945205	0	0.0333333333
722	0	0.5745890411	0	0.0353333333	0	0.2033333333	0.2387671233	0	0.0333333333
723	0	0.574109589	0	0.0353333333	0	0.2016666667	0.2378767123	0	0.0333333333
724	0	0.5739726027	0	0.0353333333	0	0.2016666667	0.2367808219	0	0.0333333333
725	0	0.5738356164	0	0.035	0	0.201	0.2356849315	0	0.0333333333
726	0	0.5730136986	0	0.035	0	0.2003333333	0.2347260274	0	0.0333333333
727	0	0.5726712329	0	0.035	0	0.2	0.2336986301	0	0.0333333333
728	0	0.572260274	0	0.0346666667	0	0.1996666667	0.2326027397	0	0.0333333333
729	0	0.5719178082	0	0.0346666667	0	0.1996666667	0.2315753425	0	0.0333333333
730	0	0.5715753425	0	0.0346666667	0	0.1973333333	0.2305479452	0	0.0333333333
731	0	0.5709589041	0	0.0346666667	0	0.197	0.2295205479	0	0.0333333333
732	0	0.5705479452	0	0.0343333333	0	0.1966666667	0.2284931507	0	0.0333333333
733	0	0.5704794521	0	0.0343333333	0	0.1963333333	0.2273287671	0	0.0333333333
734	0	0.5695205479	0	0.0343333333	0	0.196	0.2264383562	0	0.0333333333
735	0	0.5690410959	0	0.0343333333	0	0.1953333333	0.2253424658	0	0.0333333333
736	0	0.568630137	0	0.034	0	0.1946666667	0.2242465753	0	0.0333333333
737	0	0.5679452055	0	0.034	0	0.194	0.2232191781	0	0.0333333333
738	0	0.5674657534	0	0.0336666667	0	0.194	0.2221232877	0	0.0333333333
739	0	0.5664383562	0	0.0336666667	0	0.1933333333	0.2211643836	0	0.0333333333
740	0	0.5656164384	0	0.0336666667	0	0.193	0.2201369863	0	0.0333333333
741	0	0.5647945205	0	0.0336666667	0	0.192	0.2190410959	0	0.0333333333
742	0	0.5641780822	0	0.0336666667	0	0.191	0.2180821918	0	0.0333333333
743	0	0.5639041096	0	0.0336666667	0	0.191	0.2170547945	0	0.0333333333
744	0	0.5638356164	0	0.0333333333	0	0.1903333333	0.215890411	0	0.0333333333
745	0	0.563630137	0	0.0333333333	0	0.1896666667	0.2146575342	0	0.0333333333
746	0	0.5632876712	0	0.0333333333	0	0.189	0.213630137	0	0.0333333333
747	0	0.5628082192	0	0.033	0	0.1883333333	0.2126712329	0	0.0333333333
748	0	0.5626712329	0	0.033	0	0.187	0.2117123288	0	0.0333333333
749	0	0.5623287671	0	0.033	0	0.186	0.2106849315	0	0.0333333333
750	0	0.5617123288	0	0.033	0	0.185	0.2097260274	0	0.0333333333
751	0	0.560890411	0	0.033	0	0.1843333333	0.2088356164	0	0.0333333333
752	0	0.5606164384	0	0.0326666667	0	0.1836666667	0.2076027397	0	0.0333333333
753	0	0.5598630137	0	0.0326666667	0	0.1826666667	0.2064383562	0	0.0333333333
754	0	0.5591780822	0	0.0326666667	0	0.1816666667	0.2052739726	0	0.0333333333
755	0	0.5584931507	0	0.0326666667	0	0.1806666667	0.2044520548	0	0.0333333333
756	0	0.5576712329	0	0.0326666667	0	0.18	0.2034931507	0	0.0333333333
757	0	0.5571917808	0	0.0326666667	0	0.1796666667	0.2023287671	0	0.0333333333
758	0	0.5569178082	0	0.0326666667	0	0.1786666667	0.2014383562	0	0.0333333333
759	0	0.556369863	0	0.0326666667	0	0.1786666667	0.2002739726	0	0.0333333333
760	0	0.5556849315	0	0.0326666667	0	0.1776666667	0.199109589	0	0.0333333333
761	0	0.5551369863	0	0.0323333333	0	0.1773333333	0.1980821918	0	0.0333333333
762	0	0.5547945205	0	0.0323333333	0	0.1763333333	0.1971232877	0	0.0333333333
763	0	0.5542465753	0	0.0316666667	0	0.176	0.1961643836	0	0.0333333333
764	0	0.5537671233	0	0.0316666667	0	0.1756666667	0.1952054795	0	0.0333333333
765	0	0.5532876712	0	0.0313333333	0	0.175	0.194109589	0	0.0333333333
766	0	0.5528767123	0	0.0313333333	0	0.1743333333	0.1931506849	0	0.0333333333
767	0	0.5523972603	0	0.031	0	0.1736666667	0.1919863014	0	0.0333333333
768	0	0.5515753425	0	0.031	0	0.1733333333	0.190890411	0	0.0333333333
769	0	0.5513013699	0	0.0306666667	0	0.173	0.1898630137	0	0.0333333333
770	0	0.5510273973	0	0.0306666667	0	0.1723333333	0.1886986301	0	0.0333333333
771	0	0.5504109589	0	0.0303333333	0	0.1716666667	0.187739726	0	0.0333333333
772	0	0.5498630137	0	0.0303333333	0	0.1713333333	0.1867123288	0	0.0333333333
773	0	0.5495205479	0	0.0303333333	0	0.171	0.1857534247	0	0.0333333333
774	0	0.5491780822	0	0.03	0	0.1703333333	0.1847945205	0	0.0333333333
775	0	0.5486986301	0	0.03	0	0.1696666667	0.183630137	0	0.0333333333
776	0	0.5483561644	0	0.03	0	0.1686666667	0.1824657534	0	0.0333333333
777	0	0.5478767123	0	0.03	0	0.1683333333	0.1815753425	0	0.0333333333
778	0	0.5473972603	0	0.03	0	0.168	0.1804109589	0	0.0333333333
779	0	0.5471232877	0	0.03	0	0.1673333333	0.1794520548	0	0.0333333333
780	0	0.5468493151	0	0.03	0	0.167	0.1784246575	0	0.0333333333
781	0	0.5466438356	0	0.03	0	0.1666666667	0.1773287671	0	0.0333333333
782	0	0.545890411	0	0.03	0	0.1656666667	0.1765753425	0	0.0333333333
783	0	0.5455479452	0	0.03	0	0.1653333333	0.1755479452	0	0.0333333333
784	0	0.5452739726	0	0.03	0	0.1643333333	0.1743150685	0	0.0333333333
785	0	0.5450684932	0	0.03	0	0.164	0.1733561644	0	0.0333333333
786	0	0.5447260274	0	0.03	0	0.164	0.1723287671	0	0.0333333333
787	0	0.5445205479	0	0.03	0	0.1636666667	0.171369863	0	0.0333333333
788	0	0.5440410959	0	0.03	0	0.1633333333	0.1704109589	0	0.0333333333
789	0	0.5434931507	0	0.03	0	0.1626666667	0.1692465753	0	0.0333333333
790	0	0.5431506849	0	0.03	0	0.1626666667	0.1684246575	0	0.0333333333
791	0	0.5428767123	0	0.03	0	0.1623333333	0.167260274	0	0.0333333333
792	0	0.5421917808	0	0.03	0	0.161	0.1660273973	0	0.0333333333
793	0	0.5420547945	0	0.03	0	0.161	0.1651369863	0	0.0333333333
794	0	0.5416438356	0	0.03	0	0.16	0.1640410959	0	0.0333333333
795	0	0.5412328767	0	0.03	0	0.1596666667	0.1631506849	0	0.0333333333
796	0	0.540890411	0	0.03	0	0.1593333333	0.1621232877	0	0.0333333333
797	0	0.5399315068	0	0.03	0	0.1583333333	0.1608219178	0	0.0333333333
798	0	0.5394520548	0	0.03	0	0.158	0.1599315068	0	0.0333333333
799	0	0.5387671233	0	0.03	0	0.1573333333	0.1587671233	0	0.0333333333
800	0	0.5383561644	0	0.03	0	0.157	0.1576027397	0	0.0333333333
801	0	0.5378767123	0	0.03	0	0.1563333333	0.1565753425	0	0.0333333333
802	0	0.5373972603	0	0.03	0	0.156	0.1556164384	0	0.0333333333
803	0	0.5369178082	0	0.03	0	0.1556666667	0.1545890411	0	0.0333333333
804	0	0.5366438356	0	0.03	0	0.1553333333	0.1535616438	0	0.0333333333
805	0	0.5362328767	0	0.03	0	0.1553333333	0.1524657534	0	0.0333333333
806	0	0.5359589041	0	0.03	0	0.155	0.1514383562	0	0.0333333333
807	0	0.5356164384	0	0.03	0	0.1543333333	0.1502739726	0	0.0333333333
808	0	0.5352739726	0	0.03	0	0.1536666667	0.1490410959	0	0.0333333333
809	0	0.5349315068	0	0.03	0	0.1526666667	0.1480821918	0	0.0333333333
810	0	0.5347260274	0	0.03	0	0.1523333333	0.1470547945	0	0.0333333333
811	0	0.5343835616	0	0.03	0	0.152	0.1462328767	0	0.0333333333
812	0	0.5337671233	0	0.03	0	0.1516666667	0.1452739726	0	0.0333333333
813	0	0.5334931507	0	0.03	0	0.1513333333	0.144109589	0	0.0333333333
814	0	0.5330821918	0	0.03	0	0.151	0.1432876712	0	0.0333333333
815	0	0.5326027397	0	0.03	0	0.1506666667	0.1421232877	0	0.0333333333
816	0	0.532260274	0	0.03	0	0.1503333333	0.140890411	0	0.0333333333
817	0	0.5317808219	0	0.03	0	0.1496666667	0.1397945205	0	0.0333333333
818	0	0.5312328767	0	0.03	0	0.149	0.138630137	0	0.0333333333
819	0	0.5308219178	0	0.0293333333	0	0.1486666667	0.1378082192	0	0.0333333333
820	0	0.5298630137	0	0.0293333333	0	0.1483333333	0.1367123288	0	0.0333333333
821	0	0.5295205479	0	0.0293333333	0	0.148	0.1356849315	0	0.0333333333
822	0	0.5289726027	0	0.029	0	0.1476666667	0.1347260274	0	0.0333333333
823	0	0.5287671233	0	0.029	0	0.147	0.1337671233	0	0.0333333333
824	0	0.5282191781	0	0.029	0	0.1463333333	0.1325342466	0	0.0333333333
825	0	0.5279452055	0	0.029	0	0.146	0.1313013699	0	0.0333333333
826	0	0.5275342466	0	0.029	0	0.1456666667	0.1304109589	0	0.0333333333
827	0	0.527260274	0	0.0286666667	0	0.145	0.1294520548	0	0.0333333333
828	0	0.5267808219	0	0.0283333333	0	0.1446666667	0.1283561644	0	0.0333333333
829	0	0.5265068493	0	0.0283333333	0	0.1443333333	0.1271232877	0	0.0333333333
830	0	0.5257534247	0	0.0283333333	0	0.144	0.1260958904	0	0.0333333333
831	0	0.5253424658	0	0.0283333333	0	0.1433333333	0.1252054795	0	0.0333333333
832	0	0.5248630137	0	0.0283333333	0	0.143	0.1240410959	0	0.0333333333
833	0	0.5246575342	0	0.028	0	0.1426666667	0.1228767123	0	0.0333333333
834	0	0.524109589	0	0.028	0	0.1423333333	0.1217808219	0	0.0333333333
835	0	0.5238356164	0	0.028	0	0.142	0.1209589041	0	0.0333333333
836	0	0.523630137	0	0.028	0	0.1416666667	0.1199315068	0	0.0333333333
837	0	0.5232876712	0	0.028	0	0.141	0.1186986301	0	0.0333333333
838	0	0.5232191781	0	0.028	0	0.1403333333	0.1176027397	0	0.0333333333
839	0	0.5228082192	0	0.0273333333	0	0.1403333333	0.1167808219	0	0.0333333333
840	0	0.5223287671	0	0.0273333333	0	0.139	0.1156164384	0	0.0333333333
841	0	0.5221917808	0	0.0273333333	0	0.1376666667	0.1146575342	0	0.0333333333
842	0	0.5219863014	0	0.0273333333	0	0.137	0.1134931507	0	0.0333333333
843	0	0.5218493151	0	0.0273333333	0	0.137	0.1125342466	0	0.0333333333
844	0	0.5216438356	0	0.0273333333	0	0.136	0.1115068493	0	0.0333333333
845	0	0.5213013699	0	0.0273333333	0	0.135	0.1103424658	0	0.0333333333
846	0	0.5209589041	0	0.0273333333	0	0.1343333333	0.1092465753	0	0.0333333333
847	0	0.5206849315	0	0.027	0	0.1333333333	0.1082876712	0	0.0333333333
848	0	0.5201369863	0	0.027	0	0.133	0.1071917808	0	0.0333333333
849	0	0.5197945205	0	0.027	0	0.1323333333	0.1060958904	0	0.0333333333
850	0	0.519109589	0	0.027	0	0.132	0.1049315068	0	0.0333333333
851	0	0.5184246575	0	0.027	0	0.1313333333	0.1039726027	0	0.0333333333
852	0	0.5180136986	0	0.0266666667	0	0.1306666667	0.1029452055	0	0.0333333333
853	0	0.5174657534	0	0.0266666667	0	0.13	0.1019863014	0	0.0333333333
854	0	0.5170547945	0	0.0266666667	0	0.13	0.1009589041	0	0.0333333333
855	0	0.5165068493	0	0.0266666667	0	0.1296666667	0.0999315068	0	0.0333333333
856	0	0.5160958904	0	0.0266666667	0	0.129	0.0989041096	0	0.0333333333
857	0	0.515890411	0	0.0266666667	0	0.1283333333	0.0978767123	0	0.0333333333
858	0	0.515	0	0.0263333333	0	0.128	0.0967808219	0	0.0333333333
859	0	0.5143835616	0	0.0263333333	0	0.1276666667	0.0958219178	0	0.0333333333
860	0	0.514109589	0	0.0263333333	0	0.1276666667	0.0947945205	0	0.0333333333
861	0	0.5139041096	0	0.0263333333	0	0.1266666667	0.0937671233	0	0.0333333333
862	0	0.5135616438	0	0.0263333333	0	0.1266666667	0.0926027397	0	0.0333333333
863	0	0.5133561644	0	0.026	0	0.1263333333	0.0915753425	0	0.0333333333
864	0	0.5129452055	0	0.026	0	0.1253333333	0.0904794521	0	0.0333333333
865	0	0.5126712329	0	0.0253333333	0	0.1253333333	0.0895205479	0	0.0333333333
866	0	0.5118493151	0	0.025	0	0.125	0.0882876712	0	0.0333333333
867	0	0.5115068493	0	0.025	0	0.125	0.0873972603	0	0.0333333333
868	0	0.5110273973	0	0.0246666667	0	0.1243333333	0.0861643836	0	0.0333333333
869	0	0.510890411	0	0.0246666667	0	0.1236666667	0.0850684932	0	0.0333333333
870	0	0.5102054795	0	0.0243333333	0	0.123	0.0839041096	0	0.0333333333
871	0	0.5094520548	0	0.0243333333	0	0.1226666667	0.0829452055	0	0.0333333333
872	0	0.5090410959	0	0.0243333333	0	0.1223333333	0.0818493151	0	0.0333333333
873	0	0.5086986301	0	0.024	0	0.122	0.0809589041	0	0.0333333333
874	0	0.5082876712	0	0.024	0	0.1216666667	0.0798630137	0	0.0333333333
875	0	0.5079452055	0	0.0236666667	0	0.121	0.0787671233	0	0.0333333333
876	0	0.5071232877	0	0.0236666667	0	0.1206666667	0.0776712329	0	0.0333333333
877	0	0.5066438356	0	0.023	0	0.1203333333	0.0765068493	0	0.0333333333
878	0	0.5062328767	0	0.0226666667	0	0.1196666667	0.0754109589	0	0.0333333333
879	0	0.5054794521	0	0.0226666667	0	0.1196666667	0.0744520548	0	0.0333333333
880	0	0.5052054795	0	0.0226666667	0	0.1193333333	0.0733561644	0	0.0333333333
881	0	0.5047945205	0	0.022	0	0.119	0.0723972603	0	0.0333333333
882	0	0.5043150685	0	0.0216666667	0	0.119	0.0713013699	0	0.0333333333
883	0	0.5039726027	0	0.0216666667	0	0.1186666667	0.0703424658	0	0.0333333333
884	0	0.5031506849	0	0.0216666667	0	0.1183333333	0.0691780822	0	0.0333333333
885	0	0.5026712329	0	0.0216666667	0	0.1176666667	0.0680821918	0	0.0333333333
886	0	0.5024657534	0	0.0213333333	0	0.1176666667	0.0670547945	0	0.0333333333
887	0	0.5020547945	0	0.0213333333	0	0.1173333333	0.0660273973	0	0.0333333333
888	0	0.5015068493	0	0.0213333333	0	0.117	0.0649315068	0	0.0333333333
889	0	0.5010958904	0	0.021	0	0.1166666667	0.0640410959	0	0.0333333333
890	0	0.5004109589	0	0.02	0	0.1163333333	0.062739726	0	0.0333333333
891	0	0.5001369863	0	0.02	0	0.1156666667	0.0617123288	0	0.0333333333
892	0	0.4997260274	0	0.0196666667	0	0.1156666667	0.060890411	0	0.0333333333
893	0	0.4991780822	0	0.0196666667	0	0.1153333333	0.0598630137	0	0.0333333333
894	0	0.4984931507	0	0.0183333333	0	0.115	0.0586986301	0	0.0333333333
895	0	0.4980136986	0	0.0173333333	0	0.1143333333	0.0576712329	0	0.0333333333
896	0	0.4976712329	0	0.017	0	0.1136666667	0.0565753425	0	0.0333333333
897	0	0.4974657534	0	0.0163333333	0	0.113	0.0556164384	0	0.0333333333
898	0	0.4967808219	0	0.0156666667	0	0.113	0.0544520548	0	0.0333333333
899	0	0.4960273973	0	0.0156666667	0	0.1126666667	0.0534246575	0	0.0333333333
900	0	0.4958219178	0	0.015	0	0.1123333333	0.0524657534	0	0.0333333333
901	0	0.4958219178	0	0.015	0	0.1123333333	0.0512328767	0	0.0333333333
902	0	0.4955479452	0	0.0143333333	0	0.1116666667	0.0502739726	0	0.0333333333
903	0	0.4951369863	0	0.0136666667	0	0.1113333333	0.0493150685	0	0.0333333333
904	0	0.4945205479	0	0.0133333333	0	0.111	0.0482191781	0	0.0333333333
905	0	0.4939726027	0	0.0126666667	0	0.1103333333	0.0473287671	0	0.0333333333
906	0	0.4936986301	0	0.0123333333	0	0.11	0.0460273973	0	0.0333333333
907	0	0.4932876712	0	0.012	0	0.1093333333	0.0450684932	0	0.0333333333
908	0	0.4930136986	0	0.0116666667	0	0.109	0.0440410959	0	0.0333333333
909	0	0.4926712329	0	0.0116666667	0	0.1083333333	0.0428767123	0	0.0333333333
910	0	0.4923972603	0	0.0113333333	0	0.107	0.0417808219	0	0.0333333333
911	0	0.4917123288	0	0.0113333333	0	0.1066666667	0.040890411	0	0.0333333333
912	0	0.4911643836	0	0.0106666667	0	0.1063333333	0.0398630137	0	0.0333333333
913	0	0.4907534247	0	0.01	0	0.106	0.0388356164	0	0.0333333333
914	0	0.4901369863	0	0.0096666667	0	0.1056666667	0.0375342466	0	0.0333333333
915	0	0.4897260274	0	0.0096666667	0	0.105	0.0366438356	0	0.0333333333
916	0	0.489109589	0	0.009	0	0.1046666667	0.0356164384	0	0.0333333333
917	0	0.4886986301	0	0.0086666667	0	0.1043333333	0.0344520548	0	0.0333333333
918	0	0.4880136986	0	0.0083333333	0	0.104	0.0334931507	0	0.0333333333
919	0	0.4874657534	0	0.008	0	0.103	0.0326712329	0	0.0333333333
920	0	0.4871232877	0	0.008	0	0.103	0.0315753425	0	0.0333333333
921	0	0.4865068493	0	0.0076666667	0	0.1026666667	0.0305479452	0	0.0333333333
922	0	0.4860273973	0	0.0073333333	0	0.1023333333	0.0293150685	0	0.0333333333
923	0	0.4854794521	0	0.0063333333	0	0.1016666667	0.0281506849	0	0.0333333333
924	0	0.4853424658	0	0.006	0	0.101	0.0271917808	0	0.0333333333
925	0	0.4850684932	0	0.006	0	0.1006666667	0.0260958904	0	0.0333333333
926	0	0.4848630137	0	0.0056666667	0	0.1003333333	0.0249315068	0	0.0333333333
927	0	0.4843835616	0	0.0053333333	0	0.0996666667	0.0240410959	0	0.0333333333
928	0	0.4838356164	0	0.005	0	0.099	0.0228767123	0	0.0333333333
929	0	0.4835616438	0	0.0046666667	0	0.0986666667	0.0219178082	0	0.0333333333
930	0	0.4831506849	0	0.0046666667	0	0.0983333333	0.0207534247	0	0.0333333333
931	0	0.4828082192	0	0.0046666667	0	0.0976666667	0.0195890411	0	0.0333333333
932	0	0.4823287671	0	0.0046666667	0	0.0973333333	0.0186986301	0	0.0333333333
933	0	0.4818493151	0	0.0046666667	0	0.0963333333	0.0176027397	0	0.0333333333
934	0	0.4815068493	0	0.0043333333	0	0.0963333333	0.0164383562	0	0.0333333333
935	0	0.4811643836	0	0.004	0	0.096	0.0154794521	0	0.0333333333
936	0	0.480890411	0	0.004	0	0.0956666667	0.0144520548	0	0.0333333333
937	0	0.4805479452	0	0.004	0	0.0953333333	0.0134931507	0	0.0333333333
938	0	0.4802739726	0	0.0036666667	0	0.095	0.012260274	0	0.0333333333
939	0	0.4795205479	0	0.0036666667	0	0.095	0.011369863	0	0.0333333333
940	0	0.4793835616	0	0.0036666667	0	0.0946666667	0.0102054795	0	0.0333333333
941	0	0.479109589	0	0.0033333333	0	0.0946666667	0.0091780822	0	0.0333333333
942	0	0.4789041096	0	0.0033333333	0	0.094	0.0081506849	0	0.033
943	0	0.4784246575	0	0.0033333333	0	0.0933333333	0.007260274	0	0.033
944	0	0.4780821918	0	0.0033333333	0	0.0933333333	0.0062328767	0	0.033
945	0	0.4778082192	0	0.0033333333	0	0.0926666667	0.0052054795	0	0.033
946	0	0.4769863014	0	0.0033333333	0	0.0916666667	0.0042465753	0	0.033
947	0	0.4769178082	0	0.0033333333	0	0.0913333333	0.0035616438	0	0.0326666667
948	0	0.4768493151	0	0.003	0	0.091	0.0026712329	0	0.0323333333
949	0	0.4760958904	0	0.0026666667	0	0.0903333333	0.0018493151	0	0.0323333333
950	0	0.4757534247	0	0.0026666667	0	0.0896666667	0.0012328767	0	0.0323333333
951	0	0.4753424658	0	0.0026666667	0	0.0893333333	0.000890411	0	0.032
952	0	0.475	0	0.0023333333	0	0.089	0.0006849315	0	0.032
953	0	0.4745205479	0	0.0023333333	0	0.0883333333	0.0004794521	0	0.032
954	0	0.4739726027	0	0.0023333333	0	0.0876666667	0.0004109589	0	0.0316666667
955	0	0.473630137	0	0.0023333333	0	0.0873333333	0.0002739726	0	0.0316666667
956	0	0.4732191781	0	0.0023333333	0	0.087	0.0001369863	0	0.0316666667
957	0	0.4728767123	0	0.0023333333	0	0.0863333333	6.84931506849315E-05	0	0.0313333333
958	0	0.4723287671	0	0.0023333333	0	0.086	6.84931506849315E-05	0	0.0313333333
959	0	0.4721232877	0	0.002	0	0.085	0	0	0.0313333333
960	0	0.4717808219	0	0.002	0	0.085	0	0	0.0313333333
961	0	0.4713013699	0	0.002	0	0.084	0	0	0.0306666667
962	0	0.4706849315	0	0.002	0	0.0836666667	0	0	0.0306666667
963	0	0.4703424658	0	0.002	0	0.083	0	0	0.03
964	0	0.4697945205	0	0.002	0	0.0826666667	0	0	0.0296666667
965	0	0.4695205479	0	0.0016666667	0	0.0823333333	0	0	0.0293333333
966	0	0.4692465753	0	0.0016666667	0	0.082	0	0	0.029
967	0	0.4687671233	0	0.0016666667	0	0.0816666667	0	0	0.0286666667
968	0	0.4684246575	0	0.0016666667	0	0.0813333333	0	0	0.0283333333
969	0	0.4680821918	0	0.0016666667	0	0.081	0	0	0.028
970	0	0.4676712329	0	0.0016666667	0	0.0806666667	0	0	0.028
971	0	0.467260274	0	0.0013333333	0	0.0803333333	0	0	0.0273333333
972	0	0.4667808219	0	0.0013333333	0	0.08	0	0	0.027
973	0	0.4664383562	0	0.0013333333	0	0.0796666667	0	0	0.0263333333
974	0	0.465890411	0	0.0013333333	0	0.0793333333	0	0	0.0263333333
975	0	0.4654109589	0	0.001	0	0.0793333333	0	0	0.0263333333
976	0	0.4652739726	0	0.001	0	0.079	0	0	0.026
977	0	0.4651369863	0	0.001	0	0.079	0	0	0.0256666667
978	0	0.4646575342	0	0.001	0	0.0786666667	0	0	0.0253333333
979	0	0.4643150685	0	0.001	0	0.0776666667	0	0	0.025
980	0	0.4638356164	0	0.001	0	0.0773333333	0	0	0.0246666667
981	0	0.4635616438	0	0.001	0	0.077	0	0	0.0246666667
982	0	0.4633561644	0	0.001	0	0.0763333333	0	0	0.0243333333
983	0	0.4628767123	0	0.001	0	0.076	0	0	0.0233333333
984	0	0.462739726	0	0.001	0	0.0756666667	0	0	0.0223333333
985	0	0.462260274	0	0.001	0	0.0753333333	0	0	0.0223333333
986	0	0.4619863014	0	0.001	0	0.075	0	0	0.0216666667
987	0	0.461369863	0	0.001	0	0.075	0	0	0.0213333333
988	0	0.4612328767	0	0.001	0	0.0743333333	0	0	0.021
989	0	0.4609589041	0	0.001	0	0.0736666667	0	0	0.02
990	0	0.4606164384	0	0.001	0	0.0736666667	0	0	0.0186666667
991	0	0.4599315068	0	0.001	0	0.0733333333	0	0	0.0183333333
992	0	0.4595890411	0	0.001	0	0.073	0	0	0.0176666667
993	0	0.4589041096	0	0.001	0	0.0726666667	0	0	0.0173333333
994	0	0.4586986301	0	0.001	0	0.0723333333	0	0	0.017
995	0	0.4584246575	0	0.001	0	0.0723333333	0	0	0.017
996	0	0.4581506849	0	0.0003333333	0	0.072	0	0	0.0166666667
997	0	0.457739726	0	0.0003333333	0	0.0716666667	0	0	0.0166666667
998	0	0.457260274	0	0.0003333333	0	0.0716666667	0	0	0.0166666667
999	0	0.4567808219	0	0	0	0.0713333333	0	0	0.0163333333
1000	0	0.4565068493	0	0	0	0.071	0	0	0.016

